91 151
93 21
91 48
3 82
89 71
4 3
72 23
69 75
46 99
10 72
93 14
78 85
58 55
72 36
24 1
92 89
9 81
24 29
1 3
84 48
16 65
27 34
79 66
37 47
92 37
29 80
15 50
85 37
43 14
1 87
62 43
64 93
5 98
65 29
15 31
38 29
91 98
91 18
63 8
32 75
97 92
76 5
16 20
18 16
91 90
16 70
11 56
94 30
28 75
55 82
84 45
45 79
99 94
18 22
72 63
42 5
36 41
82 70
16 49
48 45
3 80
94 86
77 48
14 42
90 28
96 33
18 65
86 19
82 60
14 4
56 1
1 75
8 76
35 70
89 47
33 54
54 17
86 38
5 4
81 91
94 70
60 22
92 32
43 5
24 21
79 86
2 15
60 54
85 90
24 26
10 88
84 61
69 83 86 63
21 14 59 26
12 18 34 22
40 78 79 81
34 8 17 63
76 60 51 82
17 14 71 51
28 40 11 74
8 56 93 34
1 59 51 22
19 36 63 74
61 30 72 26
81 57 48 37
84 26 58 63
39 7 75 94
23 22 44 51
21 31 67 79
81 38 50 75
64 35 27 70
90 75 95 43
64 84 8 93
10 59 57 18
46 80 92 5
90 3 99 51
55 53 91 76
39 43 44 32
77 78 57 56
23 13 11 20
46 66 90 83
4 17 52 72
54 40 15 65
31 85 50 12
66 43 94 26
41 67 90 2
32 52 43 100
67 31 13 34
83 9 79 48
37 85 92 42
33 71 46 44
36 68 45 42
21 60 32 16
25 42 64 68
15 59 57 2
78 32 34 93
23 75 35 54
66 63 65 82
19 78 64 39
70 30 4 99
18 13 17 6
31 90 99 94
53 28 66 85
39 28 71 45
62 15 80 90
49 43 89 92
76 46 51 87
80 46 6 93
18 48 100 63
17 10 14 55
2 17 81 25
7 9 99 74
24 34 12 57
25 75 14 45
8 48 41 43
78 74 69 64
78 64 58 6
82 63 46 3
48 50 20 88
61 17 19 67
39 46 7 27
42 28 28 65
51 31 51 96
90 7 63 67
71 55 96 97
1 7 58 64
51 80 7 22
35 32 62 95
12 79 19 42
34 90 45 61
42 32 74 36
36 1 57 80
12 65 48 49
6 71 85 12
82 76 70 31
15 89 91 94
53 23 37 29
6 2 98 70
84 83 62 5
66 72 6 81
68 17 63 18
10 2 75 51
91 13 2 1
6 39 55 71
86 54 1 25
40 72 65 98
87 65 8 39
42 82 14 67
91 59 5 46
79 22 89 2
72 23 94 20
52 87 3 32
13 36 77 89
5 11 26 75
25 52 16 49
14 37 82 29
8 53 39 85
36 84 73 73
36 27 62 50
61 23 18 80
58 11 16 82
29 28 81 46
64 26 29 29
74 46 85 97
56 1 91 11
79 34 61 6
88 38 95 68
65 90 28 14
60 51 26 79
91 66 88 24
89 64 42 4
4 30 79 57
28 74 12 1
10 52 57 98
59 67 73 94
31 6 51 60
40 10 4 91
58 73 56 31
24 72 96 12
76 48 1 3
48 81 8 89
63 33 61 11
4 87 52 46
81 13 1 76
45 84 16 61
76 14 97 71
52 2 44 67
42 29 27 73
55 37 29 81
86 91 46 37
45 47 58 50
10 78 21 28
26 47 96 19
8 89 6 74
78 61 22 68
75 50 12 28
19 60 75 36
61 6 92 36
45 71 58 37
62 87 37 55
33 29 88 63
87 21 39 39
89 22 56 86
