131 188
91 90
82 32
100 49
7 73
99 17
41 53
56 61
63 83
46 80
39 5
8 31
22 70
80 37
84 43
97 98
58 4
46 14
60 18
79 39
9 95
55 16
77 26
17 79
8 39
32 36
80 93
25 22
35 17
54 13
16 80
55 64
72 48
72 15
94 94
54 2
56 84
25 70
26 97
34 34
59 40
62 23
19 63
20 8
45 52
67 97
75 48
46 51
17 2
21 25
30 11
13 2
15 20
88 51
33 54
73 7
13 10
15 57
19 61
87 59
2 23
30 58
52 95
4 25
40 24
49 31
20 69
55 44
3 67
19 85
84 89
38 65
100 70
79 81
12 88
44 26
87 19
38 29
2 91
23 64
69 57
2 5
3 85
14 12
33 76
23 64
36 35
2 99
35 42
27 94
54 45
71 52
75 68
35 86
36 23
30 69
81 88
96 99
57 21
78 27
63 50
63 80
52 16
25 55
58 5
55 93
58 91
69 34
92 76
20 55
57 95
37 21
76 50
62 40
92 68
94 76
48 34
93 9
77 27
81 52
55 72
79 72
10 37
48 92
10 9
86 94
73 81
88 11
59 14
94 7
41 76
1 68
48 79 75 65
95 69 44 40
3 125 84 96
39 131 78 2
9 76 81 37
63 27 19 64
75 105 57 2
88 125 99 43
121 33 88 34
126 20 61 77
102 21 33 64
41 9 34 97
22 93 20 19
70 109 17 14
82 117 84 12
102 79 44 53
106 125 15 97
38 17 36 71
12 114 48 7
127 128 60 69
14 66 61 68
74 98 8 78
55 33 16 37
25 68 79 56
117 6 21 20
26 89 61 28
18 130 8 73
73 21 75 33
53 38 50 4
88 68 9 99
30 80 93 17
107 74 5 95
113 24 54 27
112 12 7 75
55 93 46 44
116 84 26 93
62 27 32 24
2 128 84 24
114 5 82 12
1 95 2 57
95 117 44 48
11 126 75 8
123 34 51 86
8 104 12 69
24 104 63 96
94 113 2 16
125 83 52 6
17 41 3 85
13 77 63 90
79 35 38 4
87 100 10 96
99 72 42 98
63 103 60 32
131 10 38 97
27 107 32 23
95 105 8 18
99 50 78 90
57 102 83 35
92 65 54 50
60 8 46 34
88 107 49 87
71 91 49 45
103 56 42 55
30 9 53 25
83 21 33 30
114 10 78 39
17 24 57 64
20 27 80 68
96 64 58 85
31 115 2 63
76 21 18 5
87 109 31 100
105 1 80 7
87 107 75 11
115 91 1 70
24 56 31 16
121 20 54 29
66 88 41 68
12 69 28 95
76 81 83 67
71 74 47 95
74 92 67 77
47 87 52 48
27 125 19 24
11 113 18 71
130 130 57 10
11 53 27 12
33 70 2 12
57 68 31 36
57 68 29 69
74 19 64 91
126 8 67 29
18 81 51 8
36 35 18 88
86 26 11 81
56 42 49 46
117 40 79 38
6 78 19 13
45 130 71 87
69 112 56 36
6 112 20 68
65 88 66 65
41 42 99 77
8 87 79 24
107 54 42 89
2 54 99 100
113 65 57 51
59 16 42 96
29 34 33 67
62 13 83 19
78 81 59 91
95 101 23 46
84 21 32 77
82 75 4 38
46 115 20 45
68 2 94 70
15 56 28 71
56 67 57 43
19 106 65 73
121 56 41 35
8 75 23 100
93 50 32 97
17 25 3 84
50 61 61 22
73 95 48 5
73 104 30 64
131 8 17 84
21 60 65 35
70 82 56 93
66 99 28 13
130 81 33 77
124 62 94 50
117 82 33 19
73 48 89 8
17 124 99 24
84 45 6 33
61 81 90 49
89 118 51 66
30 79 70 86
41 31 62 16
72 77 56 19
100 87 56 66
104 104 66 14
127 119 1 39
20 108 52 42
100 7 43 95
57 51 7 93
105 27 30 56
83 33 18 80
44 39 15 96
17 84 88 38
131 47 76 58
42 72 47 35
28 25 87 44
123 77 52 45
43 16 2 28
27 48 93 10
71 67 82 51
27 95 18 83
101 115 96 30
8 95 34 67
66 124 40 26
66 51 29 50
91 63 86 83
103 113 6 54
1 19 59 71
73 119 5 25
56 4 29 57
34 11 38 44
100 96 18 22
122 94 36 46
16 107 86 24
85 12 67 35
13 96 23 37
20 1 29 31
1 78 67 32
45 30 97 89
64 98 1 30
54 30 12 98
84 4 97 28
9 50 8 53
118 20 25 10
110 8 66 62
123 31 37 51
80 51 62 60
72 3 6 86
49 71 45 63
112 78 82 3
