3680 278
376 5099
5797 6050
9777 1986
8422 7466
5271 5666
7670 6566
2922 9767
9484 8770
1829 8056
9707 5086
533 1472
7628 3326
42 404
6256 204
5276 7453
1488 3322
7890 9711
770 1943
5456 3730
8615 8157
7107 8663
7827 3446
5362 7811
8155 1316
8900 28
5960 4311
7537 1626
658 3333
3304 1692
4832 9843
2343 3270
5049 7013
5971 8146
6433 5826
5146 8407
3594 9898
8765 6039
4874 5799
6966 2774
847 6263
7257 1429
4 3451
2986 2336
215 2958
4346 3095
5138 9689
2708 6364
6910 2941
9781 6619
2928 5837
4734 767
5629 6387
1580 591
9462 4023
3587 7567
5044 2409
2106 7947
3747 2036
2471 9202
6775 3747
4007 7383
9233 1248
1123 4273
9786 7216
3268 8433
428 550
3743 7862
3640 5492
947 6011
2622 9975
3021 8836
6747 9195
5797 6039
569 1044
988 7139
9086 6114
677 9971
7325 773
4930 9790
2596 6025
2619 7503
1016 5901
4988 6342
6052 5343
3110 1360
1241 4012
9007 6447
2733 6754
7658 4106
5280 4289
3659 2816
7585 3275
997 9633
8882 6703
6079 8627
8753 9042
4664 9494
7988 3754
638 6231
4869 2220
700 258
4385 2642
4807 5710
2949 8873
5069 8570
5400 1423
4428 3310
4500 7848
1263 5374
972 1745
2873 5775
6357 5422
5527 5840
1453 4249
3138 3009
8975 1469
8279 6032
8917 7142
6295 1788
6411 5379
9852 6864
1891 8317
799 3296
1317 2699
3699 4349
1541 2314
5809 4228
6259 8744
2536 3968
539 2825
3587 4425
9608 7968
6063 4201
2916 9765
6406 7807
5348 2903
9977 9036
5963 1613
4467 9532
6034 4785
6089 7351
9505 7525
5725 3829
870 8241
7570 6678
5752 7800
7724 528
4414 6273
3649 5062
6824 6343
2820 1387
7740 8967
3287 2595
8651 6505
4312 4061
4029 8256
4699 3160
5 8661
2533 2018
9898 8728
3259 8705
1863 9102
662 3540
3843 8366
7100 2427
4342 787
9779 5886
4059 7291
505 7246
5266 7740
7147 4922
7613 3768
3874 3854
338 7996
2062 252
7504 2230
4367 614
8932 7286
8858 4152
2074 9276
4141 2896
3512 4253
8194 5016
1179 8840
5678 7610
5962 3897
3315 5568
1988 8809
1653 9054
1136 2318
3389 2762
510 4237
4145 5272
2278 4585
117 6089
3767 6585
2162 4399
3830 1336
4298 9194
4261 6947
2045 4749
2814 1990
2112 5011
2398 4401
21 1340
4610 2013
5095 3978
1515 1629
5432 1906
4274 6482
9104 969
5606 7180
9931 4728
9891 4516
9481 9296
7853 9773
719 1976
6655 2782
6411 6385
8317 1514
7055 9004
8770 2427
1937 4923
5329 7139
5782 5516
6274 7113
7924 4003
3282 7354
1020 7639
4022 5156
9630 6150
2759 2381
879 995
3034 4926
5782 2692
2375 3411
467 5466
1778 8433
762 339
8161 2897
1053 1431
7626 5824
7870 6176
7448 129
8548 23
9791 4620
4625 9338
1166 7700
1177 9592
971 9430
3846 8780
4136 3260
2070 5645
5273 8799
4100 749
1114 7646
719 7465
5660 7439
2920 1940
3880 1041
24 914
7633 378
7994 4307
5955 9010
1790 8312
4264 4024
6306 4512
3087 8509
8038 5177
3881 9766
5965 5387
7023 6171
1965 6204
1056 6411
7768 7606
9844 1384
5587 8070
394 5860
1182 8488
3192 4226
1593 7821
4448 1516
8904 9481
9933 3874
762 8961
9935 6558
3831 4304
3215 4715
567 6425
1359 2673
1587 5635
2463 5723
5811 3696
4827 8598
6638 1017
6970 8589
8855 4506
4078 8710
3718 2215
6820 6905
5256 5680
1437 2787
976 3680
3352 3682
720 1818
88 1002
7821 2440
3693 5900
6642 5641
1571 932
6870 6214
1488 8213
9730 6500
9831 7053
2890 2597
4717 9019
9236 5441
9298 3138
4624 7631
6264 5765
960 5213
8942 9056
835 8116
2435 2025
8226 9130
8917 8805
8750 2843
2413 2228
4560 4200
6419 3786
674 1738
3454 1891
997 7896
4191 1396
4033 7269
2560 473
3522 292
8380 7294
8121 9734
1421 7431
4435 1390
776 558
2150 9555
6630 6491
4998 4162
240 8299
6127 8158
2120 9319
7726 6316
5793 8746
1988 3130
1758 4637
2156 6737
5344 7779
7809 2553
485 4200
3 4324
3319 7233
6305 7541
4903 451
5999 5340
8483 6996
1935 5012
3403 4330
5737 8108
1442 267
4437 5428
6042 4762
8957 7397
9155 1038
2792 5648
5384 48
1036 6417
6115 9604
4033 9380
2959 2262
1706 9259
309 9280
9867 2999
2777 5740
2206 4511
7242 4888
1856 4877
7139 1755
4403 3396
9597 9679
3059 1811
6522 6783
9916 6508
2309 7751
446 5917
8105 6562
8722 4530
8581 6520
8407 4681
9858 4679
2774 7607
9506 7328
7877 9674
4943 1152
1602 8487
7704 4690
2228 5174
46 6767
8070 2485
3942 7768
823 9871
4023 3570
5531 7023
9256 6585
7030 3991
8644 3247
5804 5019
7613 2158
6307 5275
6516 2367
8947 5799
4357 19
849 7688
8807 1759
8970 2195
761 117
4906 7854
9762 3264
6983 8574
8820 9760
5227 1442
2291 4998
8669 128
4328 8107
448 7300
5886 7613
1969 7254
534 3335
562 4289
169 4265
6097 3444
8243 4084
7767 7637
3986 3065
4834 1033
9705 3236
7817 9083
8466 7819
1100 3397
5106 2165
5651 2768
9079 7595
5834 2929
3413 9959
1964 3628
4172 3673
1535 1132
1949 6567
9716 4850
8862 9544
7017 6206
1530 1578
7157 1148
7251 3023
7388 3883
9092 9016
5417 1756
2979 8940
673 4926
1913 9373
9928 2974
9665 5210
1789 7523
7509 1339
8863 6801
8843 1380
7963 596
7517 9980
2615 4026
8763 2830
922 2406
8899 172
1372 6184
9581 4167
394 4957
6125 543
4864 3628
2139 4273
4479 338
2587 1379
4952 9766
3142 7305
8504 5963
4981 6206
1546 6790
940 3794
7070 3296
8498 5929
268 2493
4842 6386
4359 1656
1587 1607
6626 8905
7006 2815
997 8183
8721 9553
1366 1359
9148 6389
4413 6513
84 5750
5713 1383
5020 1960
7003 2205
9861 2814
1531 4217
7308 7998
9177 3649
3149 5330
2678 5448
5586 2637
2961 1236
111 4045
1619 2114
9843 8641
6704 7072
8556 8659
9020 7171
1184 7325
6106 4311
2081 7207
8762 3521
4179 5836
9309 2772
8041 3728
1779 4944
2512 3786
161 497
8081 1873
5076 2602
4178 803
3149 808
8920 5109
4783 8360
8645 7531
605 3858
4915 4341
6949 4324
6549 1236
8008 6816
6411 9533
6971 1796
7962 1556
2114 1205
3764 5011
8650 861
6337 2661
575 704
990 8725
277 7576
2774 3706
5824 5618
226 5479
8052 3154
9341 5695
7111 5025
4128 857
4673 3553
3657 5505
8065 2453
8318 3455
366 439
9931 8977
9869 8469
1223 1133
314 2999
4855 4879
4574 9233
1049 6878
679 4581
3650 5399
4415 7877
961 1728
9176 5544
2497 1599
4300 4737
7290 820
6159 5699
4355 2156
381 5931
9890 428
4685 1436
1726 8127
7169 9773
8213 1474
1225 2624
6527 3457
5215 588
8491 1293
1949 5802
3701 3072
9275 8277
8654 6711
6117 3940
5437 3657
187 7113
5 3772
1740 5204
3877 9396
6690 1256
4836 7808
4512 2779
1922 8069
3573 137
8813 4266
8471 7602
5579 9891
7758 9424
6238 4156
1222 9306
7821 8203
2497 9244
4882 2080
4685 7352
5974 2795
7948 4499
5000 6885
7393 6103
49 476
3902 5951
775 7928
4471 9193
1191 2176
3509 5698
5505 2236
563 7174
1870 4869
4933 1814
4183 952
4837 3657
882 2411
6157 1250
1066 9103
6592 6022
7911 3733
3290 4545
5196 5953
1186 2895
570 2311
5937 5378
8010 176
2758 5950
4371 3347
5755 982
815 2921
330 473
9216 2174
179 6184
3278 1800
6731 7219
6668 1619
9685 7422
4402 6694
6156 4401
3252 6471
9763 4753
120 8836
5560 5487
1671 2425
7074 7188
1583 6965
236 7555
9816 1809
548 122
9573 261
4599 4063
7274 347
1788 289
9088 7375
6143 5135
2709 2955
3471 568
4191 5578
5923 8986
4926 1470
2824 2552
6704 6408
9065 4875
7319 2123
5651 4695
6645 3500
7976 2930
4376 9678
8087 6264
2903 7497
4584 7479
8680 158
2712 3578
7388 4205
5523 9772
9553 6786
5579 7200
3973 2446
3623 6835
455 8979
8501 6606
1850 9364
1182 761
328 4518
4147 3068
1440 3842
4219 5722
1689 662
5676 7423
5050 5248
8062 5507
6972 3615
7447 8289
1336 465
1523 1407
6081 4078
9184 2980
4994 2012
8552 4199
7347 38
2478 2278
5088 8439
2610 9515
4193 6231
4546 3104
2843 3573
3394 3063
8987 2977
2827 806
781 6971
4972 7166
4706 7962
9318 5253
828 5678
6448 2650
6663 5463
9881 3976
7242 9658
6358 9523
4533 2078
9401 9649
6135 2535
2202 8140
3976 1344
33 1531
4053 9880
84 4913
7699 7928
3450 5788
6387 129
4592 9415
5479 2671
2325 351
5062 7267
7525 5718
9850 6658
2476 9852
569 9536
9452 2014
3433 9629
6314 3649
993 4808
4082 5970
6827 6024
7140 2928
6041 1592
6280 9816
5895 8283
7769 618
5335 7989
9651 940
1802 8784
2951 5590
1134 9483
8104 4137
8387 2948
8335 7202
2980 280
9996 3094
4940 97
596 3340
3806 3845
2382 4700
408 7664
7868 2049
244 6643
447 4828
8025 9792
7559 6890
2989 2493
1289 9666
1210 5215
9535 336
3251 4382
3158 7409
6082 4054
8630 5570
9217 1499
7589 8636
5524 1593
6546 5112
183 2047
2357 8093
1736 4455
8652 7008
9532 6035
8353 145
6864 711
7260 116
786 6542
1768 4556
1403 7825
7702 2814
6476 2496
2533 8469
5387 1295
8366 4326
1126 2743
6781 6254
241 8019
5735 489
4034 8378
1768 9061
6584 6051
8200 8916
7418 4114
2083 5383
538 9279
1950 6527
7526 1164
1024 1303
82 2197
7365 5684
5319 1835
6626 9812
181 788
1654 9124
5621 5318
2644 5260
1836 8438
4363 4655
4021 2467
3519 7833
9097 2162
18 9612
6063 528
6537 7902
1323 9135
247 735
5042 5950
8719 5832
9682 9822
5035 6321
1768 6066
8380 1694
3080 5153
7014 3423
9249 428
779 3679
8946 3178
5383 3853
167 8534
310 9233
2886 3560
6790 2839
3194 4279
7861 7315
6879 5675
3069 1264
9940 6965
9823 3276
2504 7686
4125 4527
8640 4356
6179 1775
2151 196
868 3256
9771 7988
4154 5424
733 9714
7588 7857
4837 3614
9783 5543
9867 6232
1349 341
2726 4821
7394 9220
7777 2586
8183 5004
5278 8672
9025 2556
8597 7885
9373 757
3033 7288
2573 4559
5107 734
9411 5400
6843 8337
8291 4592
4837 6727
5594 6052
4665 8268
816 4355
6397 1947
7337 5462
9076 9450
5784 6091
1378 5380
5440 790
1981 3168
6903 36
6774 9927
8091 640
7928 3611
9197 5306
4972 3634
5920 8173
915 1583
4587 4211
2368 3079
4447 4869
6660 7865
4053 7852
7909 9567
4886 1172
9786 8269
3128 3240
2980 9204
4891 4425
9545 9323
5801 6859
422 5812
9513 9810
2920 1017
3039 6045
151 2898
2608 4598
3157 9363
7541 6032
6029 6695
3207 3688
4268 4407
8351 7552
8536 5475
9620 2575
2855 1156
967 9825
9098 1980
2759 1577
3164 3005
1179 8631
75 5671
9051 8321
2942 6745
250 2741
1617 4247
6125 2721
9576 5319
8060 3445
7293 2074
1673 2478
251 8988
3782 1779
3292 9927
7012 2869
8230 6239
5352 834
2580 7670
7409 8732
7340 384
8623 387
3678 2860
3200 704
168 4909
9591 6130
834 5810
2134 820
1992 5212
4501 3626
5366 1655
494 5716
6133 340
9335 5911
6063 1416
6380 4906
6590 5586
165 3814
281 7773
579 9749
7130 6502
463 8853
543 4760
1321 8677
271 9799
9623 7581
590 5807
99 2660
377 7658
4503 950
1117 7497
371 6209
4814 9684
8820 7527
5851 4125
5168 8429
6153 8896
2174 7155
4585 8203
5945 6974
4038 2018
4642 9642
6609 8585
1048 5910
6638 3074
6494 642
34 6332
3303 9727
2998 1909
6065 3774
5192 5152
7402 8946
6161 5687
3537 2185
5364 81
9877 3274
5502 8239
6132 7250
9684 4935
3557 6983
6201 9592
4898 8788
7700 7631
9175 7077
2405 2208
8908 1977
4068 7023
674 9272
2159 3968
2791 3744
3260 2164
7150 3246
3808 5959
5068 4892
8431 7669
5211 3881
3646 9826
4886 2208
8270 7667
5917 2871
5347 5330
5867 1786
793 6494
4813 7599
9840 9961
7420 1503
9584 2599
6554 776
2735 6951
5751 7053
8724 9872
4037 4684
6756 5890
7685 3139
8737 7175
8277 2333
9905 5964
5331 4175
4731 1177
8097 2303
9953 6748
9027 1062
8646 4418
5005 4759
9189 8662
220 9536
3377 9258
3348 575
7839 4437
8767 2905
2313 5142
5364 9446
6793 9956
7994 4661
9541 2426
9830 3399
7209 6185
7680 8771
3034 3282
6806 62
4033 3559
6909 8539
2852 7035
3724 9074
2908 9730
4398 2722
9616 4789
6825 5784
4592 7203
1599 8072
4351 4293
9015 693
3805 389
4111 5783
560 6333
6012 9624
9850 3131
6174 5738
4094 7486
5252 5412
5319 1782
9526 6612
4166 1872
6115 350
6004 2400
6346 4279
6717 5012
9932 9570
7358 5733
7150 7184
3116 1548
778 1561
9397 4718
2239 5201
2445 1435
3697 1500
8220 9367
7913 2787
8287 8722
4699 668
5938 233
8935 8938
4676 745
3348 1552
4692 7916
3300 3562
8177 7152
5277 7018
4802 5716
4921 2411
2839 8387
6341 6286
1763 4756
5755 3864
7423 8174
2069 1269
4044 1716
6883 6966
6148 3590
9336 4286
1713 5813
5055 4801
8011 7012
5683 1705
9056 7647
4881 7841
916 9022
259 3360
1472 4235
3576 6391
4283 1793
2936 7523
2609 4801
4044 3763
2796 370
2268 7326
9757 7541
6268 4352
3733 6791
214 3641
4435 322
7730 7699
4112 3431
5230 9527
7507 7103
8339 3501
7344 8750
3875 4033
6963 278
8619 8302
1514 4213
3900 2921
3500 3496
7910 8921
6162 8080
5327 1404
9702 9119
3637 5628
811 953
9353 8008
3547 6683
4799 1720
6979 4412
8381 3931
1325 8923
3416 6530
9498 7977
7855 2218
9225 6358
4761 7088
1029 5697
3224 5664
4461 4763
2873 5816
1326 1660
448 1314
3524 8883
5216 8704
851 1358
7963 1885
5657 5501
218 4221
6841 4220
3775 871
4269 9809
7569 6067
3033 1734
8346 4130
133 3517
2015 1477
9798 6115
5148 4514
1470 2678
8721 5404
7883 2695
3779 9880
8068 346
4012 4496
6879 7921
7901 5742
9808 7659
9227 7104
4400 1575
1119 576
6508 7482
7005 6762
9030 6911
5409 4714
8759 4089
4125 2349
2564 7167
980 8955
3839 6140
9046 8689
2124 266
6914 3470
2160 5791
9211 4248
7429 9309
1901 1086
4359 8660
8671 3188
4702 2184
4930 6286
2072 7588
8415 2183
8493 8535
1525 2577
1209 2694
5999 3808
1841 2439
1841 276
883 7825
6329 9291
953 8826
5091 614
6316 1642
6958 5857
5204 5199
6985 3509
1943 283
3769 3538
5919 2963
119 1679
2353 6084
1422 9011
4754 8658
4976 8778
2357 8295
3468 6489
7593 3435
7272 3364
2048 5736
7760 8748
6891 1342
6868 5046
2417 2033
5266 4901
5403 5711
2474 6885
3671 2161
8714 4924
1088 7784
7231 4888
3631 8864
156 3119
5367 2273
2864 7813
1148 6674
3108 637
7534 920
9139 5689
3047 7752
9019 4491
5147 9151
3345 8411
7011 2273
3340 6442
9621 6079
8274 9523
7501 634
9201 9047
1750 5217
2157 8950
5361 1370
7404 8772
3523 2380
2853 6073
7533 4062
3158 1895
3191 9261
7471 1255
6241 4158
7755 5118
5675 2797
743 5723
9028 5169
2215 1888
8638 1758
9567 6144
9430 831
2051 9247
6923 1163
7080 4306
3605 1660
6007 7100
3405 4238
6131 8329
5848 6387
1204 6515
1187 9959
8323 4639
9586 8761
6162 4442
8733 6760
3695 3493
7054 6295
7203 2169
6606 6988
3556 7350
3507 1651
587 3562
9180 8764
4519 3182
9688 4376
910 9301
1076 7274
9450 2424
4972 4804
8205 7629
2306 5937
705 8537
185 2657
8806 861
8820 8965
4826 2383
135 1148
307 8944
5010 5442
2023 7636
47 1969
6040 6323
7647 4221
5182 6075
2591 2687
7572 3503
4057 134
8958 2028
4495 6628
5137 8030
8129 3440
7222 3076
4091 9957
2065 3367
6271 3206
7206 3482
2742 6649
5555 9335
3755 1554
3136 8560
2846 6761
4732 5456
1450 2612
6257 5958
4141 2045
6534 1832
5894 8458
9986 8398
1677 6619
4333 5861
570 1134
5207 4325
5285 6973
5194 3781
5115 6755
6282 5420
875 3882
1420 9903
9200 8849
5438 5915
7072 5417
3093 5093
7718 405
6276 4684
8273 8837
9681 4649
5120 190
6423 6048
7326 1740
8863 5370
4837 3045
3607 5853
833 7509
9505 6022
3357 1779
5554 5761
5859 5399
5257 4786
6981 4829
8713 2928
8168 7063
5505 9186
6892 7039
1123 6533
7268 4638
4724 2266
6940 3781
2279 8506
3057 7026
8463 9221
3424 1867
6430 7128
9523 8398
6330 362
3577 427
4303 3932
2328 68
9115 4476
9343 9371
7009 2477
132 8236
410 325
2311 3812
4610 2269
694 371
9100 4074
8225 6774
2761 2096
6915 6085
560 5265
8709 9553
3497 4123
3039 3511
7930 518
6848 2054
125 9328
6551 6721
6608 6217
607 425
6423 5095
5563 6577
6471 2235
926 8361
3540 324
656 3392
916 8328
5260 1031
2902 7349
6735 9010
7066 1749
7117 281
4051 4794
854 8450
6293 2363
8151 7470
7730 5733
114 5279
9918 6320
3657 6399
70 6821
4292 2399
8138 4824
3292 1369
2222 4928
6397 2483
5648 3471
5087 8382
2037 5146
8452 5611
3484 3894
2537 1069
1680 4971
5175 5239
5533 8472
815 543
8355 3283
880 3937
9980 5403
9388 2662
1485 3103
450 92
1433 711
3306 6253
7972 6607
1272 8430
8521 9530
2378 7898
7157 5868
807 6161
6831 167
3152 5083
8526 9249
4740 3066
3953 9244
7973 1495
6143 1576
9723 2202
7948 6167
8854 6212
239 5192
1651 7862
7892 2022
9507 3372
2129 9063
121 2383
6011 8747
4947 4906
55 9774
5623 7565
9085 9222
960 3466
1579 1300
531 3957
7590 7220
3650 8197
2730 3020
4901 787
8052 3462
5425 6410
3547 3596
7026 4579
501 6280
3322 9704
2332 6297
2891 9858
7829 7189
7685 8182
9536 1754
8488 8671
7587 6527
4996 2112
2931 4857
1707 5260
8134 8149
5217 398
7339 8623
472 7366
7888 6819
6644 5307
5286 6549
238 8155
6822 7088
4375 7873
3868 8113
7861 9034
7716 5558
3540 482
3866 2647
763 2458
8049 5708
1450 1330
9708 4582
3086 1304
788 7569
7373 640
1967 5366
1300 2581
7638 3545
7936 2796
5704 1996
4768 9643
8787 4876
5472 7171
127 1513
3427 5799
4930 9823
2932 6171
7261 8290
8092 4756
9012 7101
3263 2580
4948 2511
9038 3076
7095 9517
427 6583
9673 2972
4580 505
6390 5343
2096 4839
2140 4423
8274 454
2045 3555
3937 3273
1906 2300
5620 501
6417 151
7962 2651
7439 2830
6502 8652
7587 6283
7057 206
9259 9618
1845 7467
4498 9767
7921 3073
3491 184
232 3797
5448 1519
4481 1525
8397 8051
1363 8822
9420 1321
4216 8699
8547 1920
729 8971
5998 699
3744 6992
887 126
8661 7993
8668 2718
7791 938
5889 9230
5465 4586
8753 8060
6430 9449
4976 7317
3885 5233
1378 8653
3973 9105
1884 7772
9757 3756
4624 8759
2093 2726
4991 3437
6139 3223
5859 1487
7792 2378
4780 4174
4081 7013
9449 5738
9320 6655
6405 9261
4411 9555
7113 7160
3424 5390
4251 3478
2284 4785
8021 7054
8439 8539
2613 6654
8702 3310
6304 4349
6896 1783
8605 5579
7627 5886
8980 8894
9987 976
4572 2279
1532 4994
5892 8502
8921 1403
9308 9750
158 7524
7670 8660
2103 6297
1264 2526
2650 3658
896 550
400 6947
6895 2902
717 8445
6728 5347
7887 6251
5092 3128
3891 2741
7120 2645
6629 3329
7567 7067
3261 8570
5940 7724
8756 7314
2224 5437
5521 5465
3379 5255
2425 4070
3444 9919
1585 2832
7169 7272
2025 6279
7155 8854
5323 4890
8639 102
4627 5416
3123 9302
4190 9225
3803 2675
5979 7412
5562 311
6221 4055
543 7516
6314 6706
5611 2398
7864 365
7523 1161
3845 1910
3580 6807
2355 8904
9652 9630
9278 2995
5859 1557
41 8066
9383 5028
9820 2158
644 2900
5675 5956
3609 4691
6151 132
3727 7035
4033 1233
3357 6942
9518 5886
3343 9433
1343 4437
292 6842
109 4183
8793 2106
4883 6330
6599 5943
4506 6161
4412 3018
182 3605
8589 2485
9348 947
3420 8046
9846 67
2966 8965
9868 6743
4657 4670
9145 7702
3531 9466
875 59
1920 3793
4598 3965
7533 3480
3008 5206
2470 6120
2516 4049
2017 9535
2983 2547
708 3501
9306 256
3927 9637
5964 9325
4121 4351
6306 4083
2053 7994
3756 2061
3150 9214
5069 1696
7967 9611
5059 3562
5988 6788
9757 9486
5634 9813
3975 8250
177 5704
1773 8464
3229 7738
5887 8201
7641 3263
1765 6425
145 5216
7246 4863
4547 3458
1709 9684
6435 9552
148 113
3276 67
2035 5100
6942 5388
9704 956
1355 8064
3514 1210
896 2828
4446 9767
6150 2294
2263 4738
3171 2719
6089 1149
2286 8823
5848 958
2572 6677
7054 6629
6826 8142
5493 2591
2505 4705
938 2482
8476 7700
7372 3914
8853 8397
3691 9139
5727 1783
7984 445
8573 3906
5748 6203
3943 4963
7922 6440
4943 1612
4422 2372
5019 1568
9671 1928
5927 66
2445 7636
8187 3134
8256 7397
7445 3179
8173 9422
835 4211
9748 5136
6258 3987
8355 9133
4735 6161
1183 5750
7949 1833
7623 9064
6732 6650
5079 3886
8076 9151
28 4226
5840 9645
2785 5290
5852 3941
6136 8570
1723 8145
5 8376
6160 2476
132 9172
1313 8911
6509 2262
4376 9932
5262 156
2001 85
6075 20
1682 4188
9039 4866
5156 746
8164 4184
7258 9226
1904 3770
1925 8331
3080 6623
2341 6942
1867 3297
3826 9398
2330 220
8832 5627
1853 4544
3550 6495
5712 4848
7279 5713
8244 2206
9966 9263
2398 7791
7852 7931
9405 6426
5482 1888
3179 400
4366 3316
1573 8096
7079 6520
115 1565
4423 4946
9451 729
8464 2594
394 7419
1603 8825
5931 4365
2560 2289
5233 9407
8805 8349
1735 667
3936 7132
8769 9857
3172 4782
2866 9216
3059 7693
8047 9773
9556 7678
8986 5531
1373 4765
6070 8002
4823 2548
4449 380
1518 6230
2057 9078
9669 9839
5416 194
6269 5617
7670 3549
8032 738
1311 2468
1156 1550
107 9072
8406 7857
5347 1287
9636 7612
5198 234
951 6383
5025 9175
9213 6514
4023 1572
4644 3989
9631 5551
187 5292
1141 6205
3633 8921
7355 3626
268 823
8475 4766
7349 3186
5457 2491
8352 4301
2665 4001
3170 5091
63 954
6096 1650
8040 8168
5586 3542
6588 8
5534 7509
6508 7137
8522 6691
8050 4818
7243 460
4190 1170
5468 6916
5226 7492
735 8164
4502 7321
4685 969
1358 7906
9943 301
632 10
7433 821
5001 3262
6219 2781
8722 2132
9704 6599
8984 5936
7150 1640
1480 1035
1598 6209
1083 8755
1583 3975
8936 1964
2694 6124
9040 1669
6849 533
8598 6536
1534 1784
7589 7601
1841 5272
1600 6885
9047 5598
8821 5678
1942 6051
9577 5890
9998 6432
5843 3471
8941 7569
5501 8150
6129 167
6357 1331
3338 3873
8489 9134
8691 7058
3774 3500
5887 2077
6992 1511
3615 9372
6764 1938
5322 8201
5282 9376
3109 4804
4335 3674
1206 2901
2322 4223
9325 1647
2434 8324
1202 8000
8435 1554
6932 769
8900 1165
6149 1135
3424 9759
6463 1104
7637 9545
6321 4034
3354 4360
6454 7863
729 4744
1444 8706
4259 4030
7096 6986
169 9529
9189 2839
1473 5730
1560 8477
8175 9405
2377 1749
6946 2814
1455 3926
229 3011
8450 6272
1072 390
5920 1568
8727 2986
4056 2826
992 3494
545 2986
6529 4989
1647 2002
9193 4927
3336 8992
5755 4823
1991 5576
7145 990
9459 2088
665 502
9410 1521
7270 5883
9520 7321
2672 4421
1391 6812
4785 1049
1067 324
8469 7703
5021 6244
8471 1354
5798 2340
5082 1854
1705 9948
2101 4390
9976 3440
2867 9028
9742 8220
1645 2477
3987 697
193 7969
974 8019
5702 7180
4130 2380
1527 5545
2698 7612
1697 3930
5507 5666
6678 7653
1556 4707
2474 6209
9846 6570
2551 4742
5742 1998
8073 7090
288 8667
6783 7376
4287 8343
4227 2599
5280 4753
2448 7960
5638 9906
6608 1200
5882 6354
1047 2691
822 5682
5046 9355
6398 732
6338 5038
5810 780
6958 2921
9704 7667
453 6447
3894 3516
4014 3644
3318 8638
8334 3785
9021 6876
2776 5363
672 1890
916 1644
4945 9267
9592 6359
6811 4192
5986 540
8780 6473
1863 1025
7701 6457
2592 5760
7399 9212
2121 7154
3058 123
8467 5293
9441 1744
2980 3511
7344 6685
4782 7602
7891 5544
697 8663
4936 6176
3363 9043
7972 9416
8026 1562
6512 9132
1715 5130
6554 474
9536 249
7554 7630
2943 6280
5241 9306
3251 4124
1470 6200
4182 5872
8324 194
4826 4553
6842 3207
1095 2297
2260 4554
7544 4077
5961 1751
3294 213
7784 6346
6823 9282
9580 3044
3927 4351
4210 7423
581 7911
3050 5580
2701 9404
2797 9084
1563 1853
4429 3785
8055 2397
7331 4488
8953 4281
4380 4355
9865 9350
1618 6345
5069 3650
6811 2470
2311 4746
340 7973
108 8118
8285 9612
4180 220
5850 5301
1545 9330
7180 4124
7795 4771
7308 2497
9975 5340
9446 2301
6118 7947
1337 9828
2377 21
1881 7067
6059 1863
7765 5511
372 2064
500 9114
6500 6334
5243 5270
569 9202
1790 5942
416 8258
5599 3728
4085 7724
1340 3259
5689 5959
2946 3654
9479 3615
4909 5824
36 7937
2082 2302
8752 7482
4752 8124
8155 7857
4940 8489
4235 1454
8986 3491
2335 7206
7771 7481
3863 2891
4143 3180
5252 930
7354 860
1406 3304
3040 9859
1859 6290
3740 8492
7316 8876
2043 2084
9798 3780
1873 75
184 5608
8641 721
2304 2995
1112 8226
3998 6806
9035 2666
6792 8430
3873 1543
5995 9481
8968 2709
3678 6253
7317 3274
6379 8992
2238 6046
8409 6469
7637 343
4487 5892
8230 3291
4505 1294
359 316
9878 4368
944 3555
4653 1236
2434 2181
1333 6664
3374 7909
6894 2051
1130 1413
6408 7544
5753 1598
2615 8233
3945 7298
4047 2036
698 5752
3841 7193
9193 7234
9394 3609
5689 3577
4641 2598
5116 6496
9192 5635
6478 4654
5382 6220
6007 1729
843 8949
2102 5705
3612 845
7731 8641
27 9001
2000 6742
6268 6946
8160 1484
1719 8650
8932 8204
1215 9084
3647 7811
1686 3405
1793 664
1594 4109
8794 5050
7590 7985
1344 5750
6595 8331
2859 5091
891 9352
804 5588
2549 6037
3829 8094
2734 1454
4432 4697
1890 6334
47 6324
1733 9416
2668 8978
7042 8384
3704 3799
8911 9840
4924 8513
7812 2281
8919 4242
3777 6390
7653 5952
8438 9054
8508 2243
3488 797
7521 6729
9173 8878
3048 19
8435 7267
9059 7365
7499 7635
9920 4803
2552 1875
2221 7898
3064 6879
901 4177
7996 7404
8545 1892
171 7623
4921 760
5873 1763
5887 6336
2977 7569
2619 7380
834 1845
4861 7557
2218 4881
2362 3744
3033 9771
2801 3773
9168 372
4570 6577
569 7313
7704 9994
6127 4008
5936 655
9270 6598
9395 2984
4003 6557
8126 4584
3457 9559
4374 5191
3619 5457
5037 4453
5582 8955
7743 6737
6257 5381
2098 8125
8355 6744
2209 459
2573 2503
2274 3014
1870 6685
6120 8583
3199 5523
5800 8267
8571 7836
8986 5282
8036 4000
3644 2415
461 7382
5833 1402
2536 2612
4296 2952
9272 1299
6890 1332
3378 9648
8474 7894
1921 5624
4397 6497
8005 215
7403 810
2103 1019
3525 3324
3457 6876
5573 8201
9342 8480
3707 8872
3106 4553
9641 4116
5918 6487
7014 658
8802 9026
3298 1038
7190 7959
7671 2059
2160 9079
3514 6705
4714 5548
5865 2906
6981 5044
7698 955
8752 334
1029 8192
1792 5884
4287 4128
4893 9349
8705 7045
6192 8993
3287 8647
4034 1041
7951 703
5663 3229
1655 1743
8241 154
5111 815
2751 7949
4324 7738
9192 2863
9689 1264
3385 6955
5865 8214
3071 5826
5507 2958
934 5968
5533 7868
715 7757
3661 2631
1120 1789
9792 9631
7352 8996
8716 9370
4913 6793
3612 1439
6414 1370
752 4786
5891 4996
6790 8199
9552 3864
6323 4937
4398 1740
7128 2203
8617 4477
381 8739
7515 6523
7999 7469
3399 8438
5779 5921
2597 1957
8564 4074
2246 9332
1109 4907
796 4365
4018 9472
7610 9363
5941 1342
5097 7356
313 9726
1353 9024
1328 3744
3852 1701
9323 5891
8142 796
9337 88
2207 3276
5698 9064
5360 8623
8554 7229
932 427
7361 4437
5485 3850
9262 1239
164 1442
2567 3389
7612 680
5140 6001
5581 992
7689 3694
2050 55
3208 5171
7811 7519
5801 4047
790 9209
6537 3347
9317 6359
4448 710
2128 745
6664 191
9897 86
6406 4959
1942 2788
8882 1313
8235 2081
9056 591
1264 1944
1859 8388
2404 4613
4892 959
8690 8228
5269 3464
6185 2221
2140 8535
8786 277
5312 9668
991 7964
4038 8293
1595 2091
4014 3868
6878 4744
5037 2097
8981 947
6943 2620
9884 1531
5703 6629
6982 6247
5843 9557
6401 5947
5033 3482
1564 8741
1226 7401
9378 4643
8076 600
8864 2762
6970 9358
780 3447
5127 7564
7325 6302
5580 3724
9934 9422
6000 2582
5777 8505
8978 4273
4246 3346
6942 622
9848 630
1435 2408
1989 5584
5143 9613
4164 2279
8155 2167
2171 7040
8556 2558
2691 1371
823 7096
86 1005
3696 935
270 9977
6642 7240
9241 2364
4080 8802
6380 7156
409 4818
6391 6780
8743 3840
5666 6964
6656 5025
8279 2963
7115 408
2608 4299
2192 7594
9907 292
3301 5493
3181 9277
4225 2142
9855 9218
9556 6166
387 1522
3768 7668
8878 6306
5100 4345
4098 8838
2189 7136
6602 4854
1246 1437
832 8605
9697 7302
971 8622
3765 795
5932 5383
3134 3512
7318 1892
3457 3800
467 3990
8751 5528
5748 7520
3712 5899
8403 2342
6129 7917
4420 4434
1629 5459
1010 6074
6536 1123
1682 8944
4946 7600
3960 8246
9673 922
8764 7301
7475 7441
3671 5040
7879 9115
2422 1944
6527 1360
1458 8501
9487 8953
8128 262
2784 6956
1895 9515
2474 4800
1881 4132
7153 8473
3938 4694
7319 4303
6298 7123
8101 7296
8944 7145
9909 7457
3916 3955
8110 9414
1603 8705
3312 3380
5165 2987
7011 8386
2657 4714
7288 8691
7534 4290
6118 3595
3951 5495
8112 5521
9228 6867
4159 6618
7529 7053
4271 9746
1076 5493
1292 4629
1465 3653
7245 4839
9645 1717
8253 8281
8174 2108
864 8338
5408 7292
1010 7405
3224 9680
6214 7677
9391 1012
9814 5155
3153 4072
545 2046
7992 7367
4733 9696
1051 2323
8795 5538
9243 3413
6963 8836
7072 5820
506 2459
4930 8075
415 7345
5218 7398
8337 2263
2948 301
7497 7330
2497 9940
9060 8476
3723 4039
820 2404
4250 5835
112 7665
3267 6910
6758 2664
9570 3783
7102 8619
2999 6957
676 9919
8482 82
6285 9217
4745 8654
5622 2410
5900 1601
4024 9502
5114 9104
2252 1763
5791 5109
2129 238
1804 3836
2136 6504
2311 1433
864 7136
2378 5773
9324 4166
1245 7871
8322 1731
4920 6610
9772 8856
9336 8627
4330 6085
5824 305
7429 5772
2068 9753
3208 6483
6756 7092
467 9100
2337 7878
4518 1052
8271 245
2789 3801
7812 9095
1439 9597
4721 3678
3535 2314
9534 1717
3613 664
2865 2861
3569 9372
481 9486
4912 5783
8426 8830
9763 6757
5449 707
8619 3063
1742 7145
8794 5391
7030 9710
1735 6795
8713 4653
217 1947
4855 7693
3557 9546
5227 5396
8688 8141
8197 3780
1016 4181
4807 1055
1462 2815
296 6829
6782 4190
4012 7358
6136 9628
6284 3621
2233 4165
8680 5911
8694 9943
6757 9080
3229 8419
3924 7239
3728 5488
4661 6348
6878 5256
4175 7728
5366 3343
4530 141
8249 3298
4529 9175
6335 8872
2333 8147
2893 2625
8078 2615
9688 1762
8601 6644
9608 140
5461 5303
9434 7921
5412 4964
722 8477
8492 8000
2915 3023
9664 5821
2123 6491
5527 4344
1964 3251
6609 5387
1604 9582
1891 4605
1832 9862
3117 7658
6109 4783
1776 8909
2227 7252
2703 3778
8106 1101
5441 6064
2745 1939
4269 9826
3101 451
6600 5452
5068 3049
1264 2402
1429 8013
7887 5109
320 5319
1223 5314
4841 9859
701 3825
6910 5605
7466 718
9583 5689
7815 1452
1852 6534
3889 9043
8787 374
1385 8042
3648 4590
3670 842
6201 4640
2159 5282
7918 4044
7210 6950
1396 8169
1822 8310
4752 1004
3538 6798
9177 81
710 8534
4569 9373
483 1277
8817 9935
6789 4477
770 1925
7076 9163
9177 1345
1115 2636
7002 2354
1798 7371
2170 5686
6484 7953
8136 5437
4326 3268
6467 1610
2854 8452
9858 6533
9450 2296
2655 102
8450 8387
426 4363
3932 3963
8894 4915
466 7021
4297 3105
4946 9243
775 7599
5903 2142
8222 8470
9287 4852
43 4509
9723 8025
2553 9886
5841 7258
3641 6785
4124 8749
218 4970
6241 5109
4005 3056
8458 1275
7406 6544
7075 2074
3452 7087
3239 4131
8509 6749
5550 5469
200 5807
3416 213
6646 4768
1437 720
9970 8366
2298 6906
7676 891
4408 5034
1435 1586
1515 2842
6717 9047
5845 5779
3805 704
5477 1971
3000 1327
2511 4540
7391 61
7289 7662
6352 8914
9131 3497
8528 7320
465 9356
2912 8644
2971 4647
503 6252
5665 4594
3192 9473
1358 8592
3561 4393
9665 4044
4107 9484
719 2950
5049 8431
3967 8730
257 8377
6202 2016
1025 9884
8068 3167
5969 3786
535 3649
9478 9956
8290 5459
5148 7354
2246 6932
8793 7639
4644 7338
9730 6775
5285 8670
3052 7128
6237 1574
4236 2487
5719 2361
2076 4453
5507 5001
4132 8737
2002 3573
6663 5254
4241 4050
8562 7107
3756 837
9280 5503
8940 9700
8484 5222
9335 1026
6231 7825
3706 7006
2064 6763
2533 4456
4056 4992
5417 5716
4171 3888
3116 5706
4508 7020
3189 1481
3675 121
5163 1723
713 8353
41 2125
1665 3156
4386 1930
1406 9942
3722 4047
5467 6514
5145 7733
8772 6645
348 9355
605 9338
1459 409
2850 5872
9876 4597
7350 4492
1158 3007
6256 9779
8246 7128
2262 5698
187 3172
1290 8324
2584 4373
911 3983
1314 4302
253 571
5681 8206
5000 993
1048 5093
1964 4712
6629 9337
7728 6495
4777 8145
2079 444
7563 4129
3054 5929
1793 5261
2826 6134
5631 2998
6834 844
2771 1836
5127 2821
3577 5153
8770 6711
8175 470
1591 5698
9465 6771
9115 6532
5927 2331
1575 5234
3970 8608
6686 1974
5639 5080
9190 5494
4182 2716
5969 3114
9703 7339
535 2407
3126 8353
4475 1154
6770 8070
1129 6611
3899 6269
5506 3128
6985 1929
4530 3303
9207 9893
7706 7013
152 6607
7361 6395
6935 6108
1170 5945
5655 1656
6451 3919
5043 1421
5398 3588
6947 1356
2326 6703
6712 6697
4438 6727
842 805
6686 7929
617 2680
4424 2485
4249 273
3161 1193
3000 8323
1340 9415
3972 2408
9982 4376
3433 9743
571 2383
4895 7102
9812 856
4358 1847
2808 1607
6915 5940
4984 8324
2486 9956
8859 5750
2132 9005
3551 9646
5407 8046
2575 2278
1608 189
1094 6033
2769 1016
5107 5023
8695 5292
4487 866
7375 6248
9737 6288
2336 926
5279 3428
8393 7898
6874 4859
1877 2434
5475 4596
1616 7854
6772 164
394 5398
5853 562
1442 6467
384 6920
5441 2320
6443 2298
1840 5134
5239 5934
8730 2030
5673 107
7606 4299
3945 3651
92 4672
5048 610
2538 1243
1602 3544
6348 8689
88 2405
1021 6844
5501 526
9621 1240
481 3418
1388 2466
7648 4384
2650 3938
2380 7829
6531 1157
7221 6235
5088 8991
2473 9965
7161 1013
3559 3361
4321 8296
976 4714
6086 4305
4939 6951
7505 8097
1696 1079
2525 3027
9853 6551
5479 5293
8565 6088
5441 9497
4053 5178
638 4771
9813 2922
9214 2363
7365 4300
4444 211
8154 8387
6188 6455
9184 3955
6913 4624
8212 3102
9874 5952
9482 4114
2367 7610
5252 7830
1116 816
834 6935
6480 5271
5607 4525
1431 92
9029 6779
3355 5593
2588 6658
9695 401
1527 5728
148 3360
1446 3473
3533 9901
7203 6243
7338 6103
2947 8271
1959 1556
3629 526
1650 7717
4017 953
1444 8411
4480 5681
8552 4284
144 8954
7153 8004
7889 3031
2491 1885
2749 8360
508 4664
8393 7333
7959 7209
6846 3604
6711 6466
8070 714
4205 194
5038 6448
4895 5513
1792 4635
628 7500
3900 9672
2726 8951
765 6440
1892 5596
5972 3517
8111 6023
363 1101
3357 7345
7579 6849
2060 6501
4464 2980
913 4003
1716 6240
7546 716
9742 6460
9698 217
3886 657
3505 3677
9657 5443
6074 8495
4253 5707
7650 3170
3523 2173
3132 5957
5211 9074
8854 2266
3260 640
3393 9082
1222 6586
6765 8739
1639 1454
1538 3548
9396 4407
777 8680
8707 5416
6313 5786
4561 7510
2141 3327
3829 9037
9339 3425
8110 8677
1504 6426
4642 7301
6908 1043
9109 8142
8949 5489
7030 5783
8359 157
6254 4230
2290 8444
3089 8437
4988 293
9074 3697
4929 7143
7862 8280
1406 6699
567 1051
6689 5525
2390 7020
5034 5696
9033 6814
5042 8947
1138 4677
7884 5952
3743 4102
1489 5822
9951 4298
892 7669
552 4687
3883 7953
8671 1946
6800 4794
2918 6226
4999 3086
9802 9386
4457 6945
8215 5125
1375 494
1250 9195
2572 1031
7980 9800
7211 248
6531 5748
5570 3005
7195 3705
2380 2646
124 1558
179 2570
1707 6500
8460 3636
6738 3011
2050 2235
7220 4680
993 1183
9333 6233
7437 986
8929 2365
7879 3793
7514 4193
9538 7952
6445 5252
4450 937
9431 3724
7165 4926
3039 5345
5290 5174
6115 9814
3608 6192
3992 4480
5671 2850
9115 2757
5187 8134
6333 892
8599 6797
8402 813
8254 8772
4037 1703
1934 8298
9707 6610
4311 3541
7283 7576
4521 6707
5743 3299
8385 3348
1640 7613
7930 3389
3851 7970
506 8642
3164 8510
8645 7222
4159 8340
4826 2104
4160 5585
1980 2351
7960 3197
9561 3064
4590 276
3284 9163
7722 3874
5460 2861
2875 4092
3689 35
1429 5780
2907 6911
1184 7072
9943 2986
5757 1959
9744 3234
4963 5295
273 6567
7134 7217
8799 2071
852 9484
6272 4821
2243 9091
1077 3252
3240 6155
2020 4413
4828 3205
3114 241
3825 7249
4894 9957
4222 3752
8893 978
376 8203
2108 7253
2018 8563
8181 6409
8007 1420
7273 1752
4384 3596
8361 2010
690 3587
6143 2776
5684 1496
2125 5103
1765 6848
9335 9814
4331 9993
1703 6530
3770 4057
8501 1410
9335 7223
9308 3246
8131 334
4729 7261
121 7437
461 5336
8961 1244
4932 3051
5705 2969
354 1971
5618 7521
6004 1354
1161 3469
4605 1488
8727 5995
1618 3310
4825 2879
649 9198
2393 5220
2363 653
3938 9735
1374 8852
2363 9086
3814 182
3043 9449
7247 8523
9884 1309
2098 8993
2251 5819
8520 3272
9304 6532
9466 9911
1617 7420
181 1979
2029 2237
9353 2030
573 2029
988 9168
4278 1445
4077 3589
9321 4392
6032 7860
9419 2191
6496 9188
7762 728
9373 4796
8720 7590
9445 8519
375 4958
8477 3642
7975 2145
3880 2523
2328 1054
8292 2137
9861 6322
6964 1296
5564 6869
5967 6934
4028 1794
4915 2461
5047 3372
3105 3469
6215 8903
8979 749
9135 1258
4153 2161
395 1725
8781 2817
5938 3794
9023 3973
7664 7113
3351 4898
953 5638
9155 5102
6332 8718
8726 4566
6501 6798
1576 936
6659 7546
422 9697
9073 5632
9966 1858
7360 1536
44 9486
9574 4053
1975 432
9984 6675
2901 7093
1710 9310
4943 7794
2499 1226
2038 3243
3398 6306
2090 7197
1106 6012
6992 973
7954 8857
5888 4503
1319 9108
1370 8988
5267 7330
1354 7372
8266 3376
4748 1750
5391 2309
7629 9538
2421 8228
1005 4673
1924 8261
4907 9654
749 5984
5375 4566
983 2550
8367 2608
7726 1595
1317 1664
7351 6172
6404 4079
7204 2200
2807 5291
1579 3615
3078 2172
8729 9741
4548 5044
4116 1523
1441 1802
995 4221
1164 6751
8616 2247
2456 4010
7528 5674
5392 9230
64 776
4870 7545
6182 2605
2413 9827
9229 8065
2912 3206
7588 9325
2950 8496
5337 410
3360 8182
9932 6911
3165 8411
474 3613
1093 7974
1901 3989
3414 1381
9280 2749
2946 4469
6727 3203
6004 2940
875 6295
7821 7285
292 4131
7782 9610
5444 7732
3645 2593
9156 2354
2543 7518
4486 3924
7396 1242
5762 7775
8870 9658
3594 8911
7276 6867
3375 1781
7982 364
1625 200
7697 3227
1999 9458
3723 5522
8351 8478
2068 2874
820 4268
5668 2113
4039 4249
4847 6857
3472 685
7533 438
4133 868
9523 7037
9746 1453
435 1141
3019 4530
7805 9638
6981 7296
3408 1350
1940 8984
7571 9649
3170 7546
7742 7716
3148 1588
4740 8149
9797 2796
4442 7299
8554 7084
1565 4550
3589 4791
4083 8880
8275 6068
8414 466
5192 321
9679 8088
7374 3915
450 5883
2713 159
2328 5465
4345 9573
5564 7216
6820 9044
3555 2955
169 4088
9046 5089
9559 499
3084 457
1909 1400
8212 8217
921 100
9126 9841
5978 4607
47 8456
8080 7221
7312 3721
8653 5746
5414 6354
6192 9656
2404 2847
7388 8269
2517 7992
1802 1059
440 8641
9202 3821
598 267
5964 4733
5121 4111
7190 4247
8955 7950
9049 2727
3293 1366
6148 5008
512 8142
5228 970
2273 992
5315 7897
6433 3438
3328 4587
4378 3699
899 3682
6355 7432
1820 1915
729 1222
1515 3579
870 4008
3622 2841
1671 9339
5739 4791
6116 4483
7727 9208
5406 5708
1603 5751
906 6619
9062 6000
8816 2634
7001 15
8994 4992
9892 4892
916 3350
3188 1790
6022 3810
8319 9448
8754 5818
9805 8885
2280 4667
1694 4132
5078 8724
3945 426
4869 3862
1336 3517
4321 1165
2951 8188
4860 4945
1434 3543
3056 3290
5153 7472
1601 3681
5286 323
6685 6831
357 9588
3448 5339
4706 6848
1607 543
5963 7982
3831 2098
372 3267
1642 8020
8185 1166
693 450
4770 8955
9194 6038
9713 7753
2675 9203
7872 7237
6593 5006
5185 9544
4444 5404
4786 7503
6625 6238
7928 8933
2114 5225
2398 3826
8022 587
826 980
1989 6057
8775 2913
8914 5710
4875 4891
4686 7086
2514 1861
572 6353
8810 1024
4630 5114
8267 4574
4598 6296
1835 4413
6112 7002
1613 2526
9068 6954
3949 6511
1558 9857
73 5261
9269 8162
7034 5767
3394 7847
3719 504
6316 7686
4378 8175
9686 7652
5816 6657
4061 3411
1699 7588
9705 7499
8901 9676
515 1692
6858 8513
2464 5784
8488 3081
4146 6342
1291 4009
9856 3889
879 632
9244 8473
1958 2038
6292 7412
1767 505
3093 9623
620 2189 2329 731
2666 3128 3649 4906
3142 520 553 7355
908 325 282 9428
173 1227 1525 2651
2618 1404 8137 7241
2193 2372 4210 3154
705 638 5388 6300
245 3017 4107 2690
126 2144 2756 8147
54 1531 3276 1406
3049 973 2094 1113
3560 1583 5748 8431
1313 601 7031 9128
2327 2391 1838 5913
1867 1414 6669 4927
2387 841 8156 7376
1189 2489 4577 8185
3616 250 1248 3445
3643 2767 1178 9900
3384 871 2330 2394
1692 283 5010 3781
2006 853 5289 3085
102 2114 9085 9297
2763 2391 2057 8718
1568 2058 9866 5071
975 954 1876 1862
3326 2737 5341 3036
3041 3340 1134 9143
3116 1260 4598 8905
877 1661 8439 7427
2189 3167 8118 2283
447 742 7011 9640
1335 967 443 4991
3368 3626 2133 1998
925 1025 599 3984
2370 1357 5828 7722
1987 3093 9106 6821
66 2141 7747 2488
55 443 9897 3297
977 959 6327 7560
2400 2439 5610 2518
2548 3565 5775 6248
1025 3535 6894 6923
1371 849 2062 9816
1858 3235 1218 3993
141 1802 6615 7902
3006 3080 3233 395
1862 3430 7715 5848
235 2498 4480 2613
184 550 422 8080
181 1588 7359 1850
3636 98 6602 1238
3219 3363 7480 5678
2163 130 36 5723
766 782 8673 2054
1801 1067 3521 1396
2754 3574 5131 1776
133 502 1074 3668
3209 1875 8018 4368
2052 771 1160 4941
2232 2250 6904 3404
2150 3576 4045 2250
1321 2894 2675 8481
3470 2599 9921 158
356 3473 5147 4383
3376 2139 6227 4708
183 3511 2818 5244
1510 3024 8423 3386
1537 3275 8034 2580
1529 1133 4183 2531
480 1680 7116 1679
1327 385 710 7658
3451 2837 818 6003
1455 1295 8269 201
1073 1998 3392 5128
3432 3475 294 767
1314 2907 9912 9788
891 1507 6850 9194
143 2998 9981 3879
2528 3263 2817 1708
1624 3400 6537 1007
934 385 1811 8606
2790 1068 4260 8862
43 3074 6619 4889
2615 2466 8663 620
1988 1077 854 3732
253 376 8050 3619
1024 2705 6070 5441
3293 2751 896 4086
30 2685 3276 6254
52 401 3157 5652
378 1656 6178 9446
1059 1876 802 3494
168 3294 1089 3652
1567 2203 1862 2720
1656 529 9377 3260
2208 1305 4264 8558
2369 2859 1140 7509
1030 3218 9380 1393
238 2776 4009 6956
4 364 7248 1741
1880 488 9306 7730
2349 3463 4546 3937
3289 2929 4958 6425
489 2596 1191 2415
1466 2230 6113 664
3536 3153 3267 9240
2258 3295 3116 5616
3414 3565 4407 7551
3571 588 7451 1988
270 1554 596 1617
556 3234 6032 2818
2121 2766 3117 3395
2327 1165 6081 9003
2736 1308 7409 9443
876 2950 9508 4492
1863 2962 840 3862
1803 967 6846 4416
1563 2545 714 7008
463 2385 2324 6885
3589 1072 8929 8588
2100 1338 2365 3843
1296 3426 597 2150
77 3009 3641 7804
3236 882 498 8566
481 1668 4130 2337
2568 2890 2648 6389
662 841 9366 9609
1766 2012 1951 7889
2147 3071 1809 3020
1646 1374 8396 8449
2984 650 705 7786
2117 2005 2924 3258
1777 1946 6209 8367
589 3128 5896 2967
1147 2721 3575 7781
2652 3544 7951 8835
2923 1771 1898 877
923 3347 8701 6036
1658 1228 6743 9532
1507 562 5855 8865
918 3246 403 7601
3613 3344 3178 680
3266 2646 1809 9724
2635 3471 3780 8963
2338 2741 2192 283
2630 120 3323 8951
1160 1584 7665 647
2055 810 296 9824
2992 1988 6210 3132
3208 797 5324 9273
2210 1021 5078 4139
1533 1782 1390 4783
650 3549 1304 201
1390 2004 4862 9218
115 3127 2575 2147
977 853 6618 4958
3250 806 477 2421
2822 3628 8023 3599
2105 2469 7546 3366
1512 1259 2039 6754
3043 222 5585 7693
1951 3018 1634 4410
3069 3010 3770 6484
2086 86 872 4876
1880 1466 1548 539
2388 3618 7663 5267
655 2879 5412 2211
1808 2640 3796 6956
722 3021 2259 6307
2049 3318 3814 3705
1781 3089 8695 3278
3157 300 3497 4053
646 1693 9148 4024
2159 357 7403 6992
1126 784 1139 288
3070 854 9651 7318
727 1461 9513 8066
525 3061 5714 2480
3464 832 1338 7747
921 2876 1573 4499
3248 1606 4370 587
2884 1149 7012 7315
3523 3644 1523 6145
631 3326 7290 7454
1679 66 8043 219
3158 2973 5647 8020
3419 1015 2357 9849
3232 3065 2495 1539
532 3215 815 497
246 2223 9872 2648
2700 2753 9779 1787
2278 821 6650 2396
1731 2270 9709 3851
2246 1230 1088 5153
2421 3457 9038 5866
3359 381 104 8824
2877 2000 4341 4543
764 554 434 2291
2099 2259 1487 856
774 865 9349 3330
2885 1210 7386 2348
1985 3620 5470 9983
3615 892 4824 7149
3081 2708 4321 7478
606 2088 4149 7330
2760 646 6307 5800
2588 174 6653 498
1500 2847 9700 6923
1638 684 1656 2012
1316 1030 4823 1189
3210 1417 5692 1842
1901 1569 5119 5017
3032 2707 6957 7846
212 3186 1303 299
1889 3080 3589 735
1457 267 4310 4802
3353 2379 4685 1186
2081 3334 3046 5183
1937 1817 2421 5688
738 1167 5787 1663
1530 1142 2897 413
2257 1682 5514 7003
1103 759 6401 5866
3262 261 2850 5358
1232 1650 7515 1305
566 872 3646 1381
3387 1186 4954 9795
3324 3555 8150 7027
1213 1405 2075 47
2626 1657 7534 8970
3016 552 2664 5505
1530 3351 3410 2941
2209 80 5093 3057
41 1117 6729 5096
1323 3421 7887 8530
623 786 9479 3362
266 1139 9188 1941
2375 2887 7974 9430
1119 285 8192 8601
793 1650 4414 671
457 2094 2531 5076
661 489 3423 9389
3608 3646 4304 3876
2495 1676 1784 2930
1130 3476 166 6657
1036 505 6316 8393
2030 1462 1958 1546
1406 2089 2891 9575
578 825 8476 1833
1541 3159 3169 7374
102 3087 7436 1833
2351 2396 6748 4737
3180 1931 6088 4115
593 2313 2049 1065
1431 624 9947 4686
3309 1100 4787 3191
2266 646 4831 2856
945 1316 9347 6650
962 475 6974 9891
1440 676 1449 9328
471 2949 4545 8072
447 1676 4168 1946
48 338 2893 8652
961 420 3853 2339
1131 1175 74 3053
440 2841 7486 609
3427 2344 4988 7806
3396 1219 7681 4198
1096 3082 3788 9161
3501 3322 2360 1950
2366 3527 6836 7796
1357 3587 9432 8769
2436 306 7407 2737
881 516 4773 5332
487 684 9579 2614
1186 2851 8914 4571
