159 1
11 46
42 32
31 91
46 46
49 80
48 83
50 14
47 50
78 65
72 8
26 85
20 35
59 32
20 51
39 61
74 64
27 55
15 88
24 38
83 24
80 71
39 29
40 43
69 70
100 80
60 9
74 96
97 25
53 79
97 82
97 76
9 62
48 5
63 54
14 69
35 5
5 37
11 69
59 2
20 89
93 41
26 80
58 17
97 37
6 52
76 96
57 85
6 58
34 64
29 4
61 38
33 47
76 13
82 6
91 27
64 40
24 25
83 9
62 53
21 53
1 40
15 7
35 18
47 54
23 81
87 2
48 89
81 5
58 20
50 65
12 87
36 29
13 98
33 41
90 11
66 32
40 38
73 97
44 19
40 27
39 61
74 68
31 84
11 19
99 29
78 53
1 11
39 20
89 60
45 14
5 88
3 80
30 11
16 26
36 50
60 20
17 85
81 70
8 55
75 78
66 66
56 31
90 51
23 79
86 3
36 33
48 31
79 38
25 40
25 55
69 57
42 62
80 74
42 73
77 92
38 7
17 90
51 18
16 95
41 7
28 53
91 65
45 49
27 81
81 15
77 53
39 82
8 17
26 78
4 4
44 73
42 65
12 40
50 81
26 34
87 36
3 99
93 78
49 40
81 93
98 10
46 5
37 13
46 17
79 82
24 18
69 43
72 44
30 43
56 44
3 6
72 71
12 95
26 42
9 87
59 89
90 57
42 46
1 96
1 117 100 96
