3665 261
5970 3268
7576 2882
8084 9491
689 7856
4859 6365
7527 8344
9660 8171
8949 7532
8523 3680
6098 2460
6922 9176
2352 8874
5251 1803
5181 5358
4845 5273
3495 8798
6033 9677
2300 5873
9302 9535
8707 4502
7147 9608
4072 1188
3572 585
6022 2574
9149 6398
8169 5239
4068 4524
744 7448
9326 7887
9254 5913
1573 144
1334 6198
6444 7200
4626 7068
4506 5847
7497 9966
6171 2323
7699 4923
3943 3539
642 2916
7734 8155
8775 5662
8037 9831
1805 1477
3329 4805
7975 8263
8714 5600
2270 6163
4278 6035
5432 4022
3998 1216
3116 7410
7716 4913
7755 4749
5574 3795
1410 3399
6835 6990
5815 9018
6438 577
7305 3806
1779 5900
2258 2247
2919 4152
9934 6930
3444 8365
3438 1201
2457 5046
8919 1155
5539 2725
1677 6825
961 6446
5287 6793
3817 1581
9011 7750
8725 4273
4191 2209
6423 5672
9099 7123
1376 1493
8477 7313
653 4227
4036 6435
5069 2458
2934 4544
8022 4504
4152 9830
3702 636
4832 8200
5638 4353
2777 212
9137 4079
9814 106
134 7235
351 2785
8338 5384
7503 6596
8457 1817
6640 7116
1313 9978
1464 8836
9125 3948
9985 2129
6067 7760
1833 930
768 6231
2571 6044
222 6352
8804 7814
9388 4128
4585 9738
9713 6978
8714 7480
9722 41
7020 2768
6386 4233
8138 7311
6178 4348
2250 9270
4556 9938
8572 1507
8309 7351
2493 4319
5300 3606
665 4875
4327 8165
9647 4513
3808 9731
1473 4442
9611 7380
833 4635
1972 8068
967 6535
290 5808
272 2917
5298 6367
1354 287
4323 2340
9590 7817
5600 7511
3897 5384
6408 5679
185 9595
8462 1786
5324 5338
963 3927
3402 2752
123 2472
997 8925
7173 1358
6464 7158
1638 6273
179 4776
1487 624
8669 6001
2995 4417
2145 6531
5143 2331
4479 21
9543 518
9283 8050
1899 1025
7215 9614
7971 8148
4714 6581
8296 5653
7070 382
4702 8997
4329 3036
5779 7495
3651 6967
2105 4087
3079 5577
199 830
1828 8219
4235 5997
3358 5467
7119 7426
439 3136
5776 7734
2138 2395
4587 45
9115 1754
5559 8677
4961 2675
7991 9032
8172 4164
848 4917
7698 1940
6120 5840
161 8930
1192 5363
4244 1683
2810 9024
9229 4835
7154 383
1328 6855
2829 2076
9038 8300
6968 5491
7058 1433
7454 2642
7272 566
7112 8852
5292 4655
3804 2555
1925 7673
1149 6502
8011 5740
8438 3278
4523 1974
9036 7495
9185 63
9689 5242
1190 6198
1141 9859
2657 1085
920 4914
6684 251
2840 1471
7686 8085
4353 6163
5044 276
8522 7945
6549 1001
5721 8280
805 9156
6584 6653
5082 5691
3828 4342
4044 1873
221 1627
1890 2451
2797 719
3597 396
3898 6403
1181 7984
295 5563
7851 189
6269 9836
3255 2241
2240 4753
3435 6032
5345 4454
4933 3935
5523 6034
1596 4779
6782 588
8005 8961
8103 2283
174 6767
4168 8173
2580 2641
565 6642
1689 1735
3187 6034
8750 2745
9341 6198
8666 6281
7248 5380
6043 7703
3756 3369
6803 5098
9711 2605
4797 3475
2517 3221
4770 2706
1792 9651
2595 8800
1447 627
4288 6482
3756 7876
9342 195
5520 1686
1357 9921
9063 3176
891 3849
1130 7551
4231 547
4136 77
2546 4352
296 6317
261 5785
228 3658
5755 4844
3522 7036
572 9224
8190 7487
176 2094
3580 9164
6081 5980
2292 5875
6234 5014
7822 1105
4770 520
2706 8281
6374 6713
1824 2877
8397 7490
2993 7992
3975 6439
8235 4430
426 8269
2371 9220
1020 2057
9792 4948
803 4093
8624 6390
776 9412
1784 7176
1018 3617
9851 4836
505 5907
7036 2809
9664 4425
3386 6304
2575 8857
9416 1653
2846 2767
4809 7271
1901 1981
8604 3581
4890 9975
6584 4633
1431 3027
6247 1968
4084 5561
9681 162
8317 7377
5880 4681
1862 6536
2686 552
5335 8770
5293 279
2369 814
1494 5933
5561 2227
1156 2639
5749 382
9017 6453
6816 9306
8118 6423
7350 7722
7675 6976
9328 8300
3446 3071
4009 1820
901 7305
3221 3264
3276 7271
2089 8857
8728 5260
5515 2007
3242 996
7885 8602
2077 1041
8569 8742
9908 6879
262 1803
7928 2811
5192 3824
5038 5688
4452 4727
9223 7994
2119 1895
5965 2097
1712 4864
1592 8944
7034 8691
7223 2500
116 7956
4269 7457
1223 9903
8505 2204
1180 2698
6398 3663
1098 1951
9044 8449
6916 4029
3014 7576
8971 7667
9542 5165
175 5061
7331 5230
2439 1953
4968 3932
1833 7641
3922 977
225 89
1699 1760
2162 5990
3570 1289
686 2339
5240 235
130 2935
9474 2800
162 5278
5560 9221
3436 387
3998 4980
7771 3273
6621 259
8551 2648
2901 685
8396 8673
5286 1506
4614 4242
2276 7221
7968 2537
4020 8576
8199 7638
6205 7241
4821 8832
9694 5035
6043 1896
1019 7102
7215 6315
8122 865
5099 2364
7271 7748
8872 910
5152 104
5414 286
6880 234
4555 3125
8360 9612
9703 3757
4250 7771
3044 6305
852 3423
9577 3412
5478 4523
4606 8555
5207 9200
4567 9714
9107 8179
863 322
8035 9702
7025 6500
6343 3903
3135 995
9027 3705
9976 6288
4373 9947
8568 1438
4548 6976
1091 1973
6294 6410
1692 7003
7856 5081
4808 880
5566 6105
7345 7685
2637 4617
3654 6449
9618 8872
9425 9027
6965 598
1490 9006
9 9122
9996 3134
1847 3371
7496 217
9900 234
8505 3326
9551 5509
91 9742
8502 6337
9239 5468
531 2331
7921 66
9525 3937
3284 2529
3724 5155
3515 9580
1187 596
4093 1045
92 4862
4361 1409
7975 1514
4310 816
5779 4380
9622 8264
2168 8169
4846 7882
4225 8487
1630 8837
3343 8876
9955 3851
8902 8441
7242 6492
3162 101
2633 5183
2109 6556
9918 7575
5096 3804
3762 9069
9926 2208
2876 5733
9249 330
7450 3086
5518 2847
7262 2387
7302 8467
9786 403
7871 3426
262 181
4879 6238
9028 4750
9704 6928
7720 9003
3550 5462
100 3721
2175 9039
8952 4512
1737 3291
3600 3264
5337 4458
2534 6348
2597 1307
1383 4638
7609 2783
1666 1547
5425 2052
7698 3392
5071 6343
301 6037
8558 7693
7642 3848
2538 2631
1688 6648
5902 3165
5098 3359
320 3397
920 6621
3928 7090
4893 353
3343 5634
9399 2752
9468 1780
4645 7083
4744 1641
229 9793
2511 8773
4721 4213
8243 3918
4208 1253
2246 575
9404 578
329 6857
2192 1325
2829 8673
4869 1093
7563 6490
7846 3121
4463 3128
8389 2642
1450 4176
5278 1982
8078 2759
280 9137
7880 3117
5306 6702
6878 2184
5099 7266
1109 8559
9854 5417
3899 1972
8344 9632
7748 7770
9228 7615
8984 5697
8636 8514
4688 4999
8870 285
5240 2388
6758 8177
2773 3723
6358 2931
4931 2291
8751 8968
4491 1877
6750 1617
4644 9769
3608 1470
1451 9198
5148 1497
4712 1849
3146 8158
3609 6452
1461 4533
7034 2153
6509 7651
4990 8141
1331 9209
2253 388
8828 8984
1392 6662
4489 288
9821 6704
8690 3919
7062 5837
7257 9276
4945 2077
2944 702
3052 4453
8736 4119
9206 3435
8358 7210
7305 8341
8096 9829
616 6193
4416 9093
1451 812
3618 884
2988 8153
6327 2633
4031 6183
9149 3026
7703 9579
2996 2130
3691 1978
5546 8390
9789 6517
7050 6079
2741 8747
5353 9834
9969 2019
71 9112
5851 5657
1882 1962
1055 3443
3003 4323
7641 174
6021 9535
2595 6605
6342 7756
8960 3738
4042 4073
8437 3654
3967 3551
1327 6691
6862 6564
5649 5676
8544 6144
9799 7376
9298 5935
1109 3772
7492 7851
6275 9306
5648 5947
9450 5798
3718 9743
906 5471
6821 5462
8741 3161
4454 2489
7108 4535
9590 9000
4284 1939
9654 665
6155 2943
5280 8106
7906 4436
8822 6507
7737 6812
3307 6650
4424 3750
4619 5129
6507 22
5300 3262
2538 9148
2659 9963
1168 6376
6200 9953
3478 3017
3745 658
6169 402
6913 7849
3448 1508
3758 9767
2116 5122
6364 6820
8256 3632
7344 9471
6567 4754
2967 9900
5084 6207
3236 8139
7741 5343
7451 858
7670 338
8703 4113
9693 812
521 5631
2973 3211
941 474
6847 6617
3973 7485
7179 9947
1596 675
9476 5445
1798 9504
2783 2876
7282 133
8320 910
4138 8203
1418 4971
6281 1003
4697 6937
6736 9526
2171 9931
2335 1606
9902 5395
2041 1983
5167 1327
8564 4969
8463 6125
3667 2886
3751 6413
5368 7120
5366 297
9495 7293
2793 7085
1338 7392
5540 1762
5773 3361
325 3247
2735 957
5489 7773
1385 3937
1976 4317
4932 8155
7243 3115
615 8838
5156 8077
4007 3632
1181 4843
3537 4294
5868 9728
7773 210
4675 6366
5520 1117
5472 8983
4491 2366
8843 932
79 3869
2405 210
869 365
1983 2195
9219 4208
79 6734
6547 3105
3881 6274
5675 8311
9346 6411
2938 5193
1760 9863
9611 5044
9038 5093
6962 4629
5647 1526
3564 4817
4310 735
7401 1419
5357 4323
9040 4992
7012 4545
3239 2093
4735 8639
8998 5137
6729 6114
3579 8554
3753 7088
8926 3589
3155 8416
2414 2556
4793 1518
925 4483
6185 645
976 3172
3228 3920
5813 2780
9743 3583
8779 9855
7074 139
3627 4933
7483 3673
9644 823
6893 4598
1073 2119
2953 1379
5639 7178
2861 5201
2214 8102
1498 2951
3802 7265
8618 7734
7652 7450
1150 3320
6551 3513
1357 7508
4001 4513
7491 6271
5950 8235
7850 424
750 8266
2253 6135
5047 6435
6026 8375
230 9650
1628 2566
203 8506
4571 9128
8422 1182
3960 3070
2560 5914
2789 3054
2988 6215
2256 4829
7507 8330
2925 2657
3091 9146
1168 5555
9890 2010
348 5832
7281 3498
1856 7630
6292 3272
5636 2261
3237 1212
641 5791
4781 8071
1220 2112
8232 467
409 8785
2279 6818
3138 4903
4420 8881
305 5245
7186 4924
4639 3421
8895 8935
1445 9349
9665 243
2573 3424
3092 1901
8992 3919
6943 1933
9678 2840
1301 4103
7776 4111
9985 3820
6743 2897
2793 976
198 7953
5814 6078
2546 2300
5606 1021
4448 5677
5914 7473
5391 9800
1590 5446
9741 9350
6432 8381
6466 1563
709 6181
4175 2280
2722 9881
8977 6133
3902 8162
5764 7107
1470 2029
2846 5155
7949 2167
1983 5069
1262 6831
250 3629
3577 2992
7344 5719
6792 7687
4981 3399
5074 2039
5495 2369
7379 9584
1542 3384
8166 2057
1793 297
695 4706
1059 5977
8763 9585
5130 6702
4936 440
3424 2752
9001 3860
906 9355
4028 1082
6213 2680
4383 9410
97 2623
1575 1435
1935 2283
9721 8529
4656 839
3358 4575
7944 4115
5076 7084
6364 7202
4756 5496
1287 9234
7126 887
327 6723
82 9670
4516 5865
9420 7754
923 1060
4607 4629
5249 5125
953 1519
6373 4452
6441 6605
6682 3305
4706 2449
8273 1421
7563 1839
7303 6669
7800 3155
5873 4970
3424 5645
30 4589
6318 6970
463 9351
1488 4095
3522 1654
8807 4544
8842 5289
8681 550
6894 6915
1321 990
1386 8073
7479 6733
1770 5578
1183 972
2687 6023
533 8239
1862 7539
8988 624
3063 2470
8904 97
3278 2336
2717 9164
4681 9393
3847 9284
829 2662
947 8673
3034 3985
7449 1204
9901 1062
6288 3906
1361 5163
3477 5362
916 2991
9146 1743
1474 7657
113 9841
8057 5829
2648 8710
8506 1876
6884 8064
6336 6011
8935 3945
9831 8327
5861 583
3306 7659
4982 6488
2261 3110
251 4244
7049 8457
7641 5712
8029 8228
916 6840
6249 764
5835 483
800 3867
9149 9514
5206 3982
9097 5925
4104 345
2837 3714
7894 5059
4217 9030
7915 8281
780 3983
7003 1817
8222 8896
6853 2956
5056 1516
7929 3934
3777 3005
3024 8543
7403 6013
737 2439
9887 2029
696 4819
5513 1121
1614 2149
5674 7051
4090 7826
9813 4246
9182 6427
4157 3327
2908 2666
6694 3792
6162 971
5274 4656
8815 5927
6310 2506
369 7217
9304 9367
8673 3319
3285 2514
3472 1445
1508 1237
7445 588
1841 6188
9597 8125
5954 8062
149 1615
9178 5549
7245 9980
3858 8943
4553 3251
5449 6709
5131 1663
2248 427
1167 2142
5181 8191
9636 8398
3977 6195
2495 3996
788 1007
1024 5598
5687 601
4257 9553
5479 845
9764 5731
8802 9888
9999 2386
6559 1232
5178 2332
4136 1774
5071 2654
3992 2535
8787 6384
9144 1986
4247 3146
6663 6288
490 1070
7916 8012
945 8684
9100 3282
1425 603
9180 9174
6679 2099
3514 5847
6151 7772
159 3018
2834 6142
6017 3927
9243 9228
4490 6958
7767 532
2885 2980
1436 5924
7646 9510
1085 2618
7149 2705
8703 5848
2290 3896
9684 4310
509 4016
7047 8151
2138 162
4026 2486
640 3445
1803 1178
9380 6858
1 567
9589 1020
4329 9922
3487 7608
4799 8595
6312 3192
6641 6319
8991 775
3961 7958
736 7131
1033 681
3402 4059
6350 2162
1880 7028
6153 1646
8597 7770
1467 6427
6414 4770
2296 8607
3934 5825
3108 7126
1153 8577
8742 5782
2277 4198
939 8057
8851 3095
3023 731
5570 2991
3534 5631
6437 260
3865 4861
2729 8907
42 2134
7370 2889
7988 1059
6985 5415
4988 520
118 8822
3119 2959
1387 5354
1305 2969
6043 1252
3547 3160
9237 6011
8712 3999
1570 3692
4298 490
207 6938
9648 6626
3304 7289
2568 2331
963 9977
690 3924
9575 5562
1739 8809
6889 5985
4100 1548
3085 7076
7275 9373
4364 200
640 1099
8243 1020
3361 9226
2220 4291
5344 2553
6469 2829
5581 1468
5438 6287
6890 4305
1125 3131
2672 6506
7049 9065
3953 5498
1874 7178
6577 2852
4154 1950
339 3964
6 175
5838 7865
5186 6669
7446 4746
9163 5570
4344 9910
1189 5031
6030 3291
5116 3959
1025 1134
7969 5299
7876 5081
8485 2509
2954 5286
7679 902
2005 8992
3712 1800
6482 424
6330 9208
8207 8871
5183 4693
2861 1830
1595 5691
4989 5400
5186 5940
8680 7995
1297 3564
3733 5102
6293 5598
1388 9672
1023 6998
5948 2688
6440 9085
9927 1628
6232 6209
7355 8926
3898 3751
1378 8471
1719 5731
1159 1190
7534 2456
9437 4675
7545 8055
5313 8262
9604 3711
6009 5167
2137 8989
7894 2624
2699 9162
6941 4520
1224 5511
4749 5216
8096 4558
237 47
3340 8381
8339 924
9046 1156
2394 7814
5455 6430
5554 3649
6895 4261
1051 9224
4790 2500
4638 3733
3513 3868
5376 7300
5377 3692
462 8873
7433 4705
1543 9015
8076 3475
9972 1297
3886 9448
4979 1075
1953 5415
6052 3677
7655 3111
1391 8794
6948 2945
362 4308
602 5801
6704 3180
8607 9735
606 2580
3083 6674
6193 2298
7479 5655
1933 9030
2455 4599
8646 3172
2065 7356
2222 2568
9625 9864
3370 7916
3179 1201
1692 54
9259 1099
4299 7967
7743 3521
8194 2019
282 2596
8359 8320
721 1622
3690 8202
4546 3392
3126 9697
7153 3335
8184 3249
2381 5600
2933 8763
6369 9009
4634 6693
5014 3713
228 7750
6269 9114
9197 3989
9941 7952
3151 6422
3463 9649
1503 6814
4149 6295
292 2042
5675 9638
3417 4858
5125 8629
3581 8156
8763 2166
7949 85
5289 721
3045 1106
4834 8563
2453 7669
9161 340
9808 8985
5756 3237
5071 9607
4544 5371
7949 1532
4407 25
879 8260
6839 758
5783 259
5826 7801
8403 687
1504 9874
7330 8441
3064 7898
8818 6476
6925 7355
3126 8541
4654 4077
5617 1519
2946 880
9437 5520
9534 4464
4106 156
3964 4651
5340 3297
3274 2527
6379 2522
3136 9805
7958 3362
5861 2459
8335 9744
5990 5953
136 6611
6986 9905
629 4860
1854 6018
2504 7308
581 4277
9620 2421
6247 5284
3910 127
1253 5804
4983 9389
5025 542
7185 9262
9225 5712
7322 6537
7973 8428
6327 4534
5707 7592
2059 3332
2454 9534
9898 6127
4776 9379
4284 6036
9635 2010
768 6768
8331 5139
7008 3044
689 4365
3921 391
7174 7729
7715 6373
7673 9143
7527 3185
3384 1134
1455 228
3772 7895
5722 3503
3690 7783
8217 2005
9868 8314
214 924
8493 4818
4367 7995
9937 8839
2069 7426
4332 5335
8433 8748
6619 4369
8996 8978
3083 5191
7622 4559
5772 939
9324 9203
909 4076
9631 2936
4550 9700
2484 140
2331 3558
2985 5549
4337 2709
7847 6601
7349 2237
959 1347
9230 6979
3856 3098
62 6623
8768 3572
7339 1010
3513 4215
3783 3339
7359 7950
6774 9470
543 2223
4492 9262
566 2347
9857 7244
907 6725
6453 7624
8122 2202
6991 1992
4284 3906
7732 7065
9990 9184
3195 5144
3335 9129
1505 2767
5474 5711
9128 9320
2405 4610
6835 4833
4053 6147
8901 6666
6126 3820
355 4934
8626 7959
13 8028
3627 4392
3586 3549
4079 7421
6177 2392
6891 9773
7830 3030
7236 2280
9669 8490
2529 5901
6959 7768
1546 7146
708 2731
5793 2813
5571 6280
6599 9961
5699 2887
5078 2660
5267 6700
7292 295
5348 1050
7524 2852
7894 2135
2979 9026
8343 8504
6853 2737
2611 6652
2160 1893
4353 4573
7703 6808
2889 5034
479 4241
1688 1862
8224 7569
2001 639
9930 903
9356 3600
844 2041
8930 5749
6220 7688
3901 2132
9655 3577
8975 9507
9539 2886
5896 9927
8238 4455
8421 5905
449 3566
4007 3735
2444 2596
8652 8470
6867 4269
7438 1280
9512 8739
9142 9669
8056 9216
5098 8734
7657 119
313 5078
6043 7705
3173 6289
543 5906
2875 4657
1334 781
9876 4571
3354 6878
6559 6087
9015 5456
6892 9645
3949 1477
5299 2149
9811 7264
7178 1990
3883 6059
9662 2710
2104 1336
2344 7438
5015 7609
7273 1300
4488 9442
7086 6431
1821 1396
7322 4510
6755 1186
351 5321
9050 2732
3080 275
1180 5930
9155 7267
4967 8535
5300 8339
1050 254
2153 9285
7951 3780
1255 3832
91 5238
1571 2233
2087 6205
4406 1415
7030 7155
1428 1928
4434 4349
4105 3735
5551 7939
7303 6969
6008 4864
3081 8731
1762 1303
1176 3057
1510 4827
7736 9589
6104 8314
7416 777
9826 916
6001 8924
4420 5194
5313 4521
1908 2537
5689 4390
4376 4139
6772 3842
8698 4675
1384 9228
8374 8803
6092 2395
3264 7673
9731 5232
1899 8213
4830 2740
5058 9235
9114 9698
1311 6546
9811 6905
2511 7647
6154 644
9979 1102
2094 5515
4322 74
8955 7881
2431 2146
9737 8109
6317 5803
411 9913
4424 1371
666 1919
7273 1417
377 1537
5401 3627
9978 5029
9698 5062
4967 5584
5119 5179
7535 4538
3579 7162
1529 4271
1752 7921
9308 4276
9986 5145
4346 2711
6389 5769
8695 5133
9640 1775
3459 3265
5866 2241
8718 6819
1247 3797
9725 5905
334 6917
3216 8655
464 2994
4796 7610
9898 6143
3997 9558
5157 8768
1621 3522
1852 5719
7463 8327
1685 3113
5405 5750
194 9134
6158 206
8193 2911
4031 1887
4040 1377
4117 4810
4890 6254
734 1248
7690 5015
8945 8193
1570 1499
3926 5936
5246 8845
8076 3346
1338 1230
8409 9373
3465 2866
5690 9730
1476 4510
2406 5494
3138 4318
7792 7339
3151 4249
3065 5298
9239 124
2133 9528
9700 3100
40 6138
5680 4655
5652 9102
4742 6340
9778 1809
5216 8880
2682 6962
6773 9365
9557 7310
8862 5631
8740 9804
2113 3348
3693 6332
9193 2252
1264 8115
7285 4189
5518 7868
7832 5394
4083 5771
8694 3702
5469 6118
9197 8519
2337 9816
6945 8061
1265 7785
5233 2663
9401 6863
5306 8767
5559 135
2386 3477
3712 2205
4588 5014
474 4782
7406 8562
8339 6348
302 2602
3497 4725
9694 499
8443 8935
3470 7804
8465 66
2092 7425
4839 2110
7613 8467
1469 2652
2920 3114
4214 901
9510 323
865 6367
2510 5541
1565 2075
6464 1354
9168 8396
9887 2876
6438 8356
5524 1704
4053 3876
1919 9771
2659 9648
7836 8952
8849 8918
5710 2474
4532 2708
6786 3325
5195 3524
7996 7985
4724 677
5340 6100
8042 5483
7423 5845
6215 9896
8221 7915
6900 8029
1909 2447
7248 6497
9616 6375
7684 2330
3118 9592
6285 5559
6111 1203
3894 3339
5727 6327
8992 9453
9487 9126
3784 7587
3414 189
4577 8807
713 3509
8071 312
7003 4471
8999 377
4102 1985
7287 5719
6816 3701
5076 9846
902 885
5953 2318
4992 7751
5957 8536
1691 1397
6745 1384
9610 2853
250 2291
7758 5555
634 7880
6079 3338
3649 5475
9898 3754
2484 4996
1011 3264
8447 1874
6899 4329
6161 6103
9084 7994
448 9097
1058 8591
155 594
451 8183
431 7465
4670 3230
1514 7301
6879 9867
7557 166
8946 3380
9525 138
5353 6819
9333 59
5174 3478
9265 9025
6894 1230
8556 9560
5045 1429
7300 5657
2545 6843
1218 3958
7627 194
7950 6107
53 1545
525 7803
4222 4854
8853 7909
3023 2996
5042 6939
6549 8137
5899 2312
9682 5362
4301 5931
4802 2164
2741 6940
6937 6975
3363 1721
1723 4169
4297 312
2855 984
5404 5313
977 3865
8351 7554
9017 6094
9458 1751
5508 6104
8946 2890
7301 6261
5760 5339
1807 740
8325 767
8996 6024
6227 162
590 8307
7061 1093
7300 1974
9701 530
6238 8465
4776 2749
4494 9255
3886 4128
2825 6840
8656 8576
6727 5080
762 576
6065 9742
8654 6599
3176 1208
1323 5888
1571 1637
5607 2924
2213 500
6014 6172
9055 2624
9132 8778
5109 5004
9172 1797
4504 9141
859 484
4158 8392
3219 8709
2651 2101
9898 8230
8442 7983
6194 290
5098 8858
6393 6041
7484 6489
1034 6165
4305 245
5414 8363
4585 9436
9564 5855
7208 8900
7868 6788
5425 4474
2410 4156
7113 8985
6269 4253
8350 3847
9359 3020
2174 7103
1394 8909
3311 5331
4218 2115
7795 9987
3880 6766
3886 7765
4660 6822
8738 1015
7597 3415
7978 5945
1460 4168
7701 6126
2268 8967
9049 5664
4338 9063
7796 2338
8853 6715
5380 9339
9453 9358
1067 6330
1248 1983
4520 7842
826 7219
776 3267
5861 7780
6468 2703
8648 3050
5453 1805
8149 3538
7201 6275
6985 4342
5306 5799
5842 3342
2701 5510
673 9016
2613 29
9834 2338
9074 2397
1683 5244
50 3600
6122 1419
8185 379
3671 8876
9684 6666
4527 7455
5699 6599
4778 4046
7077 9567
2167 1852
758 5577
9294 4869
6920 6966
4506 7036
3266 1191
782 1776
9816 8706
2288 8525
2432 7305
2925 3228
9691 1497
5863 7190
4671 7107
6319 5079
5766 4881
952 6888
9375 4302
4956 7518
3006 5245
8107 6889
7988 3202
9215 2987
3402 8147
5933 9280
5096 6070
4194 1726
5292 4264
8120 9491
2643 6945
200 4638
5250 5925
4033 4698
4964 9729
3447 8933
7224 6335
219 9680
9232 1226
2057 3994
4893 4086
8416 1811
8067 4294
3175 1184
1558 8356
4349 8801
7816 4136
4194 3926
3127 5380
8538 3613
6421 4597
2483 9822
2052 5205
570 9356
4347 7756
8985 6629
5369 5987
4329 1281
3988 9904
5852 7544
450 3193
2155 250
5368 3705
5418 1283
3839 2747
9695 4164
6209 2143
6819 3855
4961 7169
7602 9361
8167 5204
5134 8899
1220 378
9777 9998
6320 4665
5505 8061
8652 7311
6144 1957
4657 34
2893 2171
7902 4147
4891 3672
4026 5605
6029 5719
1832 1927
6591 9631
1176 3365
3109 4642
5494 135
2128 977
5595 1101
8774 480
3446 1972
3539 5375
5686 8855
6991 5607
2477 6988
3062 4694
2854 1376
9303 664
5415 2184
9508 6611
2514 9545
3366 5578
5623 7040
2502 3590
4430 1708
687 3761
4822 4418
3366 7510
9107 1923
5488 3765
6819 732
8706 6486
8410 3898
969 3065
9802 6804
8464 1658
7185 1193
3249 960
8641 2012
7430 4107
8413 4426
6973 6327
21 1093
3816 5235
7931 2226
5175 9492
4361 6538
8200 5334
2032 3789
684 1387
6676 7523
6091 1160
6581 4416
6437 1771
1673 9876
6245 3621
1494 204
5140 8011
3692 9694
1805 9315
6878 5852
1534 4740
2774 7144
5632 4652
1576 3630
8047 2119
3957 2815
4569 8603
2817 751
4822 9741
6793 2372
5791 6790
6502 5439
8573 7305
9072 4438
1650 376
8815 8086
4614 2050
7548 5352
486 7710
2019 1581
9429 4731
8636 2411
6878 5600
7073 8485
2789 576
5269 8572
963 6166
2493 6097
2062 6250
3838 1917
1673 7692
5704 589
3573 7965
6600 1292
6262 3823
1659 4603
9128 97
710 2703
192 3514
8178 6371
7298 3286
6414 7201
3681 8853
3658 9642
2485 5712
7390 3238
4571 1384
9928 2247
3307 9913
298 4200
355 5990
1163 8489
8666 5072
6343 3806
9432 6072
4031 641
4093 6802
7138 3860
1934 8501
530 4687
9451 3215
2555 1671
5623 2787
9414 7020
257 7930
5284 8859
3945 352
2153 6978
4419 2328
2844 6066
3413 6479
7789 9908
7630 4835
5475 6264
4551 7373
7944 8152
4307 183
8050 6039
7545 2256
2544 7203
4856 3016
7555 5405
2257 6069
4962 1911
1109 5051
4923 2887
1326 9061
3453 2935
106 4413
4583 9907
1140 9390
4129 4150
4553 7847
4685 4775
1050 8809
6285 6589
3707 1790
9507 668
1710 4259
795 5533
1012 3973
2470 9458
5850 8010
7888 5377
1109 4886
9064 9122
2847 730
8234 9805
6886 9080
7223 5734
7687 7482
4931 6379
1030 5808
9477 851
234 2881
7039 2568
3032 7189
6989 2583
8719 1566
1359 4327
661 736
2484 6325
4704 3853
4917 2517
1651 4271
5815 9854
2769 3965
5228 6223
7428 4891
4685 2764
9285 1036
4208 914
2874 6122
632 2250
4516 3089
7570 6073
451 5950
6304 9734
4409 6251
910 9341
9147 3144
6903 9815
1532 414
8309 548
1858 2750
7219 8142
1288 1608
5311 5458
9983 3735
2885 1754
2154 4663
8812 6794
3378 4472
5213 986
2520 1198
7972 7501
1086 5915
7680 7105
8235 5162
4624 1409
4711 3940
9826 9468
8067 5564
1799 6438
3053 8090
464 1184
9903 9615
6326 2518
7684 4535
9604 439
4485 1817
989 5084
8030 5512
4363 4143
7844 7618
2848 3798
4233 6417
367 6507
2874 3359
2006 6585
6897 7550
2113 712
6352 1142
4459 4935
7879 1990
354 4901
127 360
8376 1329
4020 1468
5254 5233
963 9939
8758 7598
2427 6738
4662 3334
4778 2649
1601 6122
3144 6666
6009 2269
1154 8871
9266 7021
4077 8502
6031 2747
5601 6179
4200 2612
599 9036
4954 1210
4798 8064
3569 8906
4061 4869
9602 587
4171 8280
1382 3233
7030 6084
4891 3772
4542 2422
9068 3228
5557 6450
4245 2861
213 7604
7586 7557
568 8227
2449 5429
8887 9217
143 2070
4049 9321
5704 4279
455 5930
2995 4279
8816 9054
7704 3939
4732 9278
4530 271
8057 345
11 4024
7179 7004
6769 9858
6767 6106
3876 7413
5731 9756
3973 8488
9976 3513
4211 3761
7783 5515
5621 1430
208 5886
3722 351
1564 5761
5704 9600
1606 6200
2109 3041
5465 2943
1032 2438
8889 5843
7083 5929
8815 9432
1262 9962
5268 7684
8993 4489
3220 3188
9508 8800
9380 4865
8427 6047
6097 5404
5701 4692
4987 366
718 6148
8110 5693
9058 4488
8155 9217
1899 7746
9467 1333
8171 1038
1001 5834
8328 4946
1264 5929
1479 1426
1944 280
9624 4278
3602 7429
7159 2091
1566 9936
8095 6749
7901 7577
6852 7776
1365 6786
8153 3238
7591 78
513 1086
5003 6420
6590 6838
9507 3009
6193 2792
9002 988
4107 5052
6625 7723
6531 7538
5874 2103
697 2415
6727 6209
4103 7727
552 4206
4377 6826
9655 5631
2202 4622
3660 8765
7373 3938
2139 6280
8635 5979
1974 2338
2128 4795
6846 9489
3120 924
2181 8820
6545 9873
5433 6086
7894 1001
9331 8366
8784 3533
1817 4714
5066 6855
8496 7124
6663 4259
1616 7637
4075 4700
6487 4483
9435 5930
7174 1439
720 5353
8286 345
4617 6615
4875 1092
7888 8402
9117 5846
64 895
2149 5004
6775 8498
7290 9990
6424 7667
2144 3324
1097 8751
1200 2361
3855 3436
7275 205
4959 5340
257 8061
7094 627
5256 9694
8391 9677
9101 7680
9872 7067
2035 5457
5074 8061
5543 3195
4484 5246
9494 3078
3722 3626
8694 8433
9812 1781
9830 779
1774 5529
7246 3608
5236 2643
6835 4545
5241 5471
3332 3981
7461 73
1643 8465
7354 8663
7905 938
8568 9060
6963 8668
3823 1207
5983 8480
7981 7203
8722 5109
4995 9954
5774 3931
9142 4793
4006 8561
3366 5388
9984 3267
2377 3242
174 5712
6563 4624
8750 7192
2669 7108
152 6234
4011 1103
4640 2578
3300 5134
2468 2395
4848 1465
6366 6880
1514 3073
5595 2341
7964 5811
9541 8337
6355 8061
6968 8139
6124 3945
4597 8751
4169 1306
3914 611
8298 4731
3543 498
3893 309
3239 7635
211 1654
4237 1895
5593 545
4286 7967
6519 1921
6322 245
9817 6690
9791 5522
8991 8341
8683 9643
3300 9284
9309 7996
9038 4653
4792 3922
5751 7832
7137 8206
7782 9300
9470 4346
2309 4441
7348 5392
6680 2249
5579 9870
4331 1412
9957 1437
8386 9630
7041 2293
9383 3659
1791 8048
5809 1004
8919 1608
6876 1380
3936 5235
4707 9175
5860 2616
9390 1587
3599 2385
5289 3421
4798 9520
1576 9010
4441 6505
4716 1726
1639 1455
2521 7336
4987 7232
2710 6426
2508 11
3020 3779
8052 8181
9939 6614
1265 4446
5558 6710
1163 2757
9488 2976
8808 149
2653 8764
8312 4122
8459 4109
6088 1690
2776 7602
4387 6191
5483 3262
6091 4472
1328 33
1407 3171
592 9606
9329 1127
1403 8751
7280 2646
8624 7091
799 7417
7807 5033
5345 2464
2849 8635
4042 6673
5593 8357
9315 9563
3701 1613
4782 357
7841 8377
3578 9383
9163 7097
1967 9514
8033 3914
3419 3933
3232 587
3009 2405
4846 3508
4017 4850
8594 8048
8666 9551
2014 9947
5130 3789
5022 8236
6522 2421
16 8859
7850 3661
1844 3696
2480 5964
5028 2115
2866 3063
7118 3947
4703 467
5964 9512
4628 8363
3349 7948
8163 3773
8804 3011
9253 878
5304 4985
7359 7976
5575 3604
1516 8965
8101 4649
4754 2601
2794 2744
2864 2479
3201 1812
7437 4551
4535 7161
4541 9814
6376 2055
2272 1735
6171 2897
3437 3227
3625 2095
508 6404
4903 2745
5509 3289
5137 4315
907 421
1405 7625
2074 4513
9380 7612
2250 9705
7508 5998
27 8846
3790 8439
2151 9640
1745 7432
866 2827
9814 589
9114 1921
7923 9980
7766 9997
4164 9029
9155 7858
4822 4115
6046 3122
8862 6350
9717 8128
6017 7224
3551 7101
273 3784
5627 7012
7463 3389
1353 4519
8131 327
3571 5453
6120 8806
3763 1572
9606 7140
8287 2584
129 2229
1112 2686
6058 1240
896 2295
9083 9840
574 7959
4823 953
8286 9590
2474 9842
1501 5882
439 3252
3174 3231
7290 4635
5172 9677
7459 1652
8840 1552
7252 1433
414 1798
2176 1687
1857 8245
2931 2621
9589 7484
7870 250
5113 2242
8362 5446
4052 734
8058 8393
6987 8690
4196 2509
340 1665
9383 9055
9654 5320
315 934
330 6194
9571 3929
5857 7596
2330 6438
8319 6457
7129 1588
6117 7857
4794 1163
122 6346
7987 4354
3618 38
9139 4670
3495 2742
9318 8022
7109 1371
3321 1012
8352 3368
6070 6124
8279 1035
8548 879
2523 1009
4526 9601
1703 9730
2452 2089
3514 3837
6349 328
6022 4967
7437 137
8037 4503
9443 1748
2601 2647
8090 1341
7209 6857
7850 8239
9890 5420
7355 7747
3339 6583
6442 1017
3730 1340
7805 326
937 3262
5578 8288
3304 7622
2549 475
5857 3356
5590 7678
1170 6388
961 5404
1914 431
9088 5567
4133 728
9122 4619
4548 4174
9458 4154
9776 1254
67 4827
2792 9007
7883 1866
9425 6207
8425 4370
9224 6291
2963 7285
8857 2542
4225 1512
9633 2251
5467 9832
602 8333
1696 4341
3509 3067
9704 8195
4533 1136
2952 9880
6806 6189
4822 2981
1573 2339
9534 2716
4305 7014
641 2030
2151 6521
2252 4763
9272 6375
234 3410
2130 109
1759 2251
7584 6653
8903 8037
2444 5736
4485 9049
1183 741
1500 1652
3985 1386
1700 3044
287 5381
5205 5675
1020 180
3293 8909
5111 154
7474 5917
9718 3261
7178 4248
3823 2091
2161 5100
5465 1790
1602 2076
7179 7550
52 1738
935 2023
5194 8694
9950 6871
6718 7552
716 9436
7815 7229
7094 2332
3580 2732
5578 2926
6116 246
3021 6036
8867 381
4418 9265
8282 6638
6744 638
8244 5536
239 3697
1028 7224
8412 1672
4346 3496
4626 3945
1963 5680
6924 5138
1250 8941
8751 3981
588 324
5911 9313
4519 9669
6984 7769
6978 1593
9578 4902
8304 8619
6916 412
2160 2115
4989 3776
2135 8955
5209 120
2342 1864
957 7279
5572 9071
8032 6541
3783 6073
588 6302
1308 3919
5645 2273
9431 1152
272 6049
1171 5217
9574 4941
196 3156
721 7122
4650 5057
3330 1811
4753 4093
102 8211
6085 5752
7883 4383
4588 7858
3923 9020
7426 1730
4918 3601
4987 3634
1986 1226
5374 8506
5253 4565
4020 3760
1205 662
9428 7745
8789 9355
2106 6935
2177 7267
9913 3444
1483 2132
199 5723
8682 6397
3172 7190
9466 3879
6184 156
1948 3654
9586 9975
9543 6824
5039 9536
9291 4441
2265 8784
6342 9745
1967 8542
9747 8687
2362 4352
199 713
6482 8240
7259 9774
1469 4195
830 5017
7596 362
6836 8365
6781 5252
1249 4590
7617 5946
3194 3889
9530 2394
3008 8859
948 5325
3328 2727
8126 2323
5921 1200
1267 1318
6173 7071
2038 2495
6704 8809
1768 213
267 165
1946 8541
5221 2026
6022 1617
7545 47
7530 2479
7977 727
8897 6940
5463 6872
5459 6310
4424 3590
4542 2377
738 545
9801 3959
2153 1319
7552 4943
3234 7927
8371 5339
1496 5015
8212 5685
174 4740
9548 3229
7236 8505
2197 3570
8078 7834
3340 9993
2503 3436
8187 2803
3772 5363
9233 9188
2247 5927
8791 9729
5997 6220
4118 4647
7340 6137
7035 4175
1621 7330
2736 8611
6843 5312
8110 6613
1202 9329
9959 4825
3281 3733
8683 5089
2531 8908
7403 7347
2967 2032
8923 4357
7864 7471
3182 1082
8922 8157
1101 1431
3572 4947
8655 2701
1710 2510
5717 9406
592 8557
8503 819
3171 7016
7329 7933
4717 5382
2677 6951
4630 4827
8968 3679
5111 5330
7818 8793
7472 8097
5359 9074
811 2864
5890 2947
4028 6379
6332 8588
5178 1418
9927 1749
5649 7979
8018 8566
8248 8530
7496 9219
5506 9578
3021 3780
5858 9650
5208 429
6658 7125
7019 1003
2821 3407
921 7923
8493 8729
475 9454
5560 2651
34 921
7114 9515
1537 4245
6121 9657
7350 8086
560 9418
7404 306
7236 2930
4044 6436
217 1889
6915 2435
1891 7091
1026 321
3757 1161
117 9947
8950 4905
9079 502
1890 5485
1282 2740
1592 3255
83 9370
9683 6442
7295 1930
8810 983
2016 5259
2128 9260
239 9867
3905 7039
3180 501
600 8261
972 9877
508 3807
8351 9207
637 8177
260 1759
9436 8846
2509 8529
5049 7694
9039 8676
5600 2406
3107 6899
7636 8946
5800 2068
8971 6742
8810 4669
5019 7637
4732 9964
4339 3411
2756 5853
2616 2173
6824 233
411 3802
3185 8917
576 4859
8961 2106
6514 4963
2355 2210
6684 3738
9591 1158
582 5052
215 5999
3100 8264
3632 6823
8917 1699
5089 5319
4452 1786
7855 4410
3941 4671
4565 6947
424 8304
7854 1556
3688 9760
8829 8291
8941 6660
2984 6015
9902 1422
3407 980
9695 6783
3320 2856
8760 2358
5866 9577
423 7082
2011 3877
4046 9121
447 320
6240 8226
6280 3968
9860 4091
2055 1625
4269 6674
6458 2443
3035 8079
8305 4558
3135 4065
7863 141
6151 7372
7956 2762
4517 811
2178 3518
6482 2260
7413 7290
7804 2867
3157 2698
5221 696
1245 3840
3110 3509
4458 7396
6067 1212
8997 3186
9055 996
8900 1566
2634 7569
2399 7383
6757 259
5232 9946
4350 4045
5988 1724
4321 6533
3310 3103
652 1400
2332 5100
4936 7750
5774 8706
7200 7828
8845 9629
7715 7302
6228 5426
1635 9688
1050 1899
2123 2307
7307 2456
4030 9711
4313 5338
7682 1860
4697 4504
3801 2003
1323 5523
8627 3748
9968 2433
9219 7447
1702 2545
5208 1327
5827 4529
1035 3187
5428 5408
2446 8523
1299 7645
5789 1119
3677 6156
6863 2933
4773 292
9901 6840
6270 6128
6356 9005
4739 2960
152 3391
6893 3923
1002 7918
4214 8624
5807 2752
5337 8399
587 6180
3634 5829
8041 8971
864 9158
3470 2782
6055 9121
2541 3141
831 9405
9517 5183
1276 3858
1395 1749
3644 1820
3167 1388
6939 4358
5527 6790
6351 8797
1508 786
9340 9753
1995 8838
4441 9426
5423 5074
8695 6546
1326 8777
1126 1398
3073 6127
6789 4924
6043 1565
3291 9791
1583 162
6669 6778
7094 3592
3920 6590
7928 4573
1928 8658
9667 70
7222 3427
5579 5665
3403 746
3503 5503
8554 7027
2501 5551
4445 8699
9461 2414
9586 168
4674 8103
4498 8564
1919 3419
3483 1472
9983 3594
9593 3498
4611 9571
6703 2154
7138 8684
4605 8371
6294 154
4668 952
2355 8271
8979 6476
9199 7284
3782 3933
4164 410
8287 6176
503 3298
2402 4887
8380 1808
3044 6989
6717 7391
2833 3805
3594 7499
1228 1984
935 7463
7904 4870
3082 9553
3615 7658
3941 6419
6918 7555
1737 4401
4916 6879
5160 8145
2035 2592
9739 9059
4772 688
7586 9644
4547 3895
9460 9980
4768 8121
3466 2827
9752 3594
4242 1779
7123 8295
1008 6300
6507 4372
5326 8836
530 60
5411 2734
715 96
2153 5717
7269 3169
2398 3600
3803 2496
9240 4306
6668 4924
5262 9705
8308 6825
7318 1641
4808 2036
6396 2078
6625 3361
5667 6742
6952 2408
7886 2413
3963 7940
4844 4349
8751 5480
6557 3532
6839 6014
1461 9482
7043 6094
1323 5703
8201 5316
2976 7582
3392 3866
4965 2010
2860 5763
2875 6917
1340 3176
7716 5845
5691 5549
9241 2054
7031 6569
7453 8017
1552 9152
9814 5834
2303 4975
746 1962
8761 4427
2600 3052
7933 843
9827 2701
6748 9231
3352 9865
3936 5282
3714 5065
9446 9573
7782 1969
9464 1637
7042 968
4313 3145
9382 1840
7722 6130
3563 1312
4114 6925
7219 6133
376 3416
4466 9908
4675 7424
1786 5708
1558 7700
8364 7646
6904 2395
2418 337
1012 8642
1073 7701
8920 9028
3992 6855
7409 5326
355 6498
425 3613
6166 3672
6581 5723
3448 7021
7283 9467
3233 8420
8453 2573
8578 5867
6881 4564
6149 2106
4405 544
326 2641
8260 4977
9435 5968
9772 2028
9879 4918
4373 8244
9280 6566
8311 7091
1082 1429
5797 4617
2704 7466
661 9048
223 3756
3416 9511
6640 6986
7905 4335
8585 1978
9819 995
9989 6632
4716 3299
2688 6129
6034 9193
4191 6940
8302 6654
5638 7282
5051 8502
112 1634
9010 5992
5979 9371
2147 3288
5634 2122
5617 7224
3580 6797
7577 4644
3732 1592
2494 7251
6818 1562
2806 6186
3998 1006
1341 8639
6181 8650
6054 1844
680 686
8387 8919
8669 5299
1278 4689
9589 2098
8497 6929
4782 7550
3364 4656
7805 2448
8392 1754
7682 1058
101 5272
3560 6460
7084 1261
2494 3139
6391 4606
6704 4449
6135 3882
7287 83
9476 6027
3810 8837
3962 3863
6445 800
4746 4338
993 3580
1663 2490
4925 6771
637 5473
7955 7016
3320 7286
9190 7891
8563 350
8706 8118
6425 1782
5519 8480
8740 9311
9912 1139
9539 1537
2678 8319
5936 6203
1579 9091
6954 6968
2988 1455
1000 9938
9487 334
4037 4886
2866 1748
6085 5788
371 7915
7350 4818
9805 8083
7923 8375
8916 1929
3483 5037
3966 3632
9427 9568
2170 9978
3408 7754
7085 6017
9147 2547
6034 9398
4314 2719
8718 1814
5931 5293
5537 5250
1324 2151
4893 765
8983 245
7158 5519
2668 9431
7317 3451
7838 6611
2687 6064
7896 8456
707 4933
5792 85
7991 6180
6758 8645
4706 2353
2988 5652
5534 8571
7755 5291
2297 6812
6197 8347
2844 7025
2400 8724
1247 9493
4092 6667
7605 9835
2348 5231
8648 4837
7582 5153
4274 8662
2811 3111
8674 1550
325 7809
8083 1674
2880 3092
1992 8844
5942 5625
5138 8333
6569 1345
5545 185
5076 4554
3000 4417
6661 950
730 1227
9103 7560
9491 6995
6293 4450
9856 2402
1900 6626
4647 1587
1306 7902
7801 8139
8142 5339
9587 4630
4246 602
919 8747
6895 3258
2430 7367
5707 165
4269 100
2845 8907
210 9508
2310 4569
3077 6875
3100 2713
3557 3789
2900 384
6351 9687
9436 4618
6361 7061
3901 9357
7427 7398
3516 8997
4623 2297
1662 2964
4103 1115
8043 298
1738 8704
4431 295
2881 9534
8375 5340
3284 199
9165 4928
3762 1664
2299 8941
420 6411
344 5191
667 6221
8981 9380
7503 9719
7549 4623
390 5878
6412 7197
1153 7469
280 8490
8775 6376
225 7201
6837 5288
2419 8791
3247 8644
1705 8972
6175 7210
6724 9140
2520 5941
3308 6106
8168 8908
9452 4730
5062 439
1483 1121
47 9131
5165 7809
7343 9842
4237 3292
4341 279
6648 5276
6999 6199
5094 3381
9178 3787
2116 7017
2480 3140
4797 515
3949 7041
2794 671
5350 6039
3046 4892
3492 3954
2938 7300
9655 252
7791 7498
2064 3133
1933 6856
9857 3008
2568 7246
7935 3949
4525 8956
6781 2775
986 6269
8405 537
6266 6733
763 583
9241 26
8426 6378
5380 2760
5090 5014
4390 7784
155 2503
7735 1571
3858 5478
5741 9047
2459 9524
2772 5312
5674 3291
3066 1712
1306 8625
1385 3788
4582 6075
3665 1494
8086 5355
883 6306
2255 6545
4922 5655
1658 1217
7001 2076
5058 7248
7008 4541
9366 360
8369 8015
1907 5417
7629 8224
4100 7762
4213 3772
8124 6476
8927 8088
7748 7966
6744 3248
7352 7126
1495 3646
1990 6325
3104 6204
251 8483
6564 3032
7162 8716
6179 115
7263 9005
9126 2859
5369 9013
8941 955
1583 2682
234 3229
3216 4264
5111 7880
8399 9923
4526 1342
6537 2469
8508 3867
3633 5236
9323 536
2289 3078
6336 1844
6935 556
9059 550
5251 4039
859 1396
3432 6413
4339 1456
2585 3715
4466 7516
2217 128
5993 2847
6047 8613
499 5090
965 3841
7456 5871
9091 2163
6208 2338
9402 2706
3867 7051
6726 856
4751 6415
3173 1533
6023 3067
2065 6798
6856 8923
8165 1921
27 1903
6578 8309
2850 3593
4792 5220
49 240
8913 8066
3251 7656
7675 4101
9623 3238
7972 788
5136 1848
4301 4859
9553 9527
6169 1496
6105 9845
975 4026
9599 7901
7009 5403
8410 1025
4189 9521
9570 9478
6311 3196
7349 6761
2544 2621
4753 9597
542 3875
6607 501
8771 3514
4534 8822
2377 5896
634 9950
773 871
1410 6724
8687 8567
4371 964
1771 464
2474 8796
3610 2159
3346 4052
9030 5241
8777 6098
3171 1747
9051 9996
3759 5134
9551 4037
9502 5035
9170 8712
3558 4503
5407 9843
2506 8031
5292 3693
4848 2621
8589 3238
6511 530
4852 6959
895 3629 4506 5086
2564 1370 3097 1969
499 1328 3616 6871
2740 1408 9346 9143
263 297 556 9166
3461 563 8625 1557
38 3610 3931 6569
3552 2850 4308 6336
3517 3518 619 9772
1958 1485 6320 1074
2467 2755 5200 7111
2195 1684 8676 651
1532 1976 6279 6195
2170 29 1424 6964
1107 1694 8280 1550
1544 3101 2465 6133
160 2783 6670 7826
309 3209 2631 8102
1427 662 6917 8791
609 2082 5799 3785
2494 416 775 9150
2843 1041 4571 9468
2200 3479 2703 6732
2375 2263 1379 8212
2695 3492 9730 9940
2008 84 6330 4820
1545 2706 4501 8280
1313 428 5740 9756
1835 1424 1721 1085
153 1134 6175 5854
2246 484 3142 1524
3655 482 4949 5149
2882 3055 1397 6242
553 2762 8671 4300
2790 2410 4449 5506
1765 1868 9981 9492
3164 352 6596 5059
95 515 4454 5832
178 193 6836 1603
1530 639 4721 338
3477 782 5442 8308
1708 2454 5356 3859
2932 3348 6549 4471
1735 3098 2797 6680
1148 2262 4828 7828
1927 1489 473 9146
3026 2090 1162 9508
1945 2757 6400 7483
3313 2432 8537 7401
1895 2042 7559 1507
1055 2750 4606 5036
3486 3530 464 5921
1629 1268 9697 4944
1212 3545 6980 3301
2387 1742 1366 8713
1311 3148 5717 321
1391 3200 518 527
2747 3586 4004 4994
1451 807 5297 9782
1699 1499 6720 9995
2877 2882 9087 1943
1840 749 9234 9550
343 752 2211 3726
2616 2269 4453 4059
1964 1821 84 8739
1534 1823 8681 6567
363 755 2739 757
363 360 5660 3493
1769 3009 3529 5490
2827 116 8432 5035
2417 1310 5828 2813
2618 979 3443 7056
2689 598 4350 7199
241 1937 9557 8168
2406 1195 6455 9180
1069 3020 4762 6623
2484 687 912 781
2971 357 2576 6305
803 3553 2722 4678
2110 832 7893 8296
2682 637 4495 7286
826 1840 7925 1992
3116 1275 8227 3723
1130 3664 8865 1260
37 3231 5530 6330
2708 497 3431 1386
2727 112 3260 2239
50 370 2630 6232
1187 2432 906 3872
3197 3457 4721 8430
2775 1694 7693 2688
191 608 5600 1813
881 2582 4213 2828
1347 2550 2287 6388
965 1125 358 7031
947 365 9509 6793
1358 2429 7389 1466
3190 1550 6929 5585
2332 1486 5999 7947
3427 1060 6608 3847
1580 1439 6998 1003
1994 2281 2565 186
2691 2833 6813 5810
2011 1499 8346 7629
246 296 7778 9573
203 1419 8936 4352
1873 2907 5534 6544
2658 1772 7613 5841
2712 1989 549 5238
3608 588 3364 8516
2566 859 3575 6069
131 3236 1685 1236
2431 3179 3722 443
761 1389 5877 358
3265 812 3690 2901
1292 1920 8451 2052
2362 188 7211 8856
1142 2060 1185 2673
3474 3339 975 4461
3503 2754 9447 5836
3061 1126 1985 8827
457 2567 1244 3122
801 3438 5690 4480
3182 1405 8224 7186
310 2239 1795 9620
3287 1150 6045 1899
3089 1731 9072 3194
875 1251 2698 3097
1377 1574 8950 7444
608 2093 9869 2148
3202 2682 9178 8013
3322 1199 6836 107
269 3431 4649 1496
2865 1192 1891 6507
3249 1998 320 2276
818 51 5886 1099
3642 694 3988 8638
2496 2857 2763 7068
1401 1976 6495 1142
217 432 7775 7055
1227 1789 7053 4898
192 2831 5545 6023
304 963 3370 4406
2299 2087 7828 5324
2627 1473 1743 7134
2993 348 7405 3348
924 2038 8177 3374
2124 921 1552 2157
2078 123 4389 2700
1474 3594 5399 6447
1064 2269 2519 5349
36 1374 515 2059
1029 3182 5095 6730
3069 2167 6244 5322
3242 3361 7215 7359
1187 554 5763 757
3364 1202 7724 4314
111 2262 9441 1032
2992 1698 2230 3240
3148 2387 8447 7463
912 1252 9260 4920
2629 238 6991 2223
1498 2222 9606 4471
1998 2034 496 3499
3364 1633 9549 1843
1219 1855 4903 7740
3513 1744 973 759
3374 407 1306 8438
2833 40 8412 3881
3595 3561 7942 72
2247 2382 4454 9585
3327 3340 437 3691
2853 32 3539 2442
1174 3459 8497 5063
1458 1476 293 1869
2043 3599 9714 6783
2783 2380 368 139
2888 465 7948 263
3452 2899 7989 3483
2307 2665 6655 2642
1701 106 5872 5042
3173 1188 446 887
1203 1683 1633 6248
2410 3595 6134 1429
267 2858 8591 7688
2345 113 2426 2684
3408 1938 3411 473
1022 736 7469 6317
1105 157 3954 7197
710 2552 5014 744
3182 777 6864 5451
3387 1460 6482 3200
1351 3612 2432 9161
2388 2143 4204 5037
1012 43 6323 5598
2577 3495 9324 8117
261 1111 5879 5233
351 587 348 8438
1445 36 642 2278
3191 1552 6808 1321
1211 724 7878 8666
3273 2935 8642 2027
1863 1508 3438 4098
3515 628 4131 7349
2108 2160 3667 6007
1068 95 5444 8277
3517 2406 2688 6911
244 1042 2477 210
2394 2156 134 4652
2637 2580 998 6551
1023 121 1233 6005
658 3643 8617 1161
1754 1909 3428 6664
3127 3548 231 6591
3446 3592 5570 8617
3445 3199 3377 813
1427 1663 1458 9098
1355 229 6782 9352
3453 3324 8257 5999
2957 2812 4798 8605
2811 2911 6557 6502
2600 3182 6092 1836
1652 1538 9592 2200
1607 2533 7115 2545
3607 1410 235 3760
594 2186 7709 6604
2024 817 4690 390
3449 3094 3899 2321
2066 1420 4718 1559
544 2488 9182 9184
921 1023 9439 9978
3172 2257 1731 9920
1421 388 4270 918
2737 663 3964 7867
882 2668 6496 7364
2117 518 3659 4474
873 775 1310 4496
2783 2952 335 2732
47 3598 312 6974
630 2132 1127 4099
1909 2840 5237 2882
1498 2097 1222 2656
281 2385 4941 902
793 3450 1940 5363
215 1209 6457 5639
1865 659 5021 4693
2612 3314 8725 8593
1816 2210 9393 5247
205 1998 7957 2010
156 3381 4640 154
1082 2006 5175 3127
2297 194 1934 9162
680 3403 7683 6154
3087 270 3388 3377
492 1235 3383 5800
3324 1506 365 6031
1967 1539 8307 7322
1388 2875 4410 5839
859 1531 1907 9846
931 2600 2444 5608
1488 60 8999 8663
