150 18
60 33
92 63
15 90
62 74
26 57
37 91
76 49
33 74
49 22
58 47
32 90
67 98
65 52
33 16
53 72
73 17
52 47
53 47
59 25
89 38
13 74
39 92
45 76
83 83
23 87
76 41
74 62
89 23
68 43
49 75
33 30
56 21
11 34
97 12
21 97
83 12
40 46
29 77
78 7
39 32
71 83
57 57
37 39
62 46
69 74
20 28
98 44
17 93
78 76
67 24
21 26
76 21
90 64
49 95
6 81
75 27
7 75
61 4
28 97
35 3
68 16
8 90
21 39
80 19
100 81
33 64
74 81
10 93
54 66
7 32
47 53
67 7
28 57
33 60
68 82
97 23
74 69
98 90
93 57
36 26
1 38
72 3
76 92
72 29
31 88
54 85
75 48
14 96
6 31
33 71
18 99
40 44
90 50
73 9
67 72
22 66
93 11
41 71
32 89
11 41
26 5
26 41
50 54
18 83
30 48
76 78
6 38
80 25
2 61
13 13
69 68
59 40
73 82
85 79
44 72
12 63
53 3
36 13
96 38
8 32
79 75
100 67
97 91
64 21
92 17
92 32
14 83
27 8
46 11
60 16
23 91
72 51
27 86
34 39
70 11
15 23
70 27
15 93
88 86
8 53
92 17
12 15
43 19
50 64
98 14
13 30
51 78
60 15
79 20
36 17
81 122 72 49
142 41 64 1
136 100 74 47
67 144 77 58
37 143 67 86
115 17 11 7
49 91 73 73
146 138 27 1
109 125 4 94
91 41 27 38
33 150 84 14
87 100 90 60
93 72 67 50
108 22 5 79
133 43 70 62
129 135 12 27
110 119 23 76
90 89 86 91
