80 92
58 1
72 9
27 5
10 31
60 36
92 42
74 2
62 1
91 88
15 10
8 74
13 75
88 50
42 78
1 84
80 43
85 14
25 89
38 92
65 90
49 14
95 29
57 63
23 88
83 93
90 65
7 46
61 100
7 69
56 79
41 52
66 19
27 85
61 68
4 49
67 2
96 59
20 24
10 61
68 54
79 17
70 49
49 48
54 29
66 1
50 3
28 38
96 6
21 72
66 60
38 57
21 11
38 66
72 21
84 73
94 83
25 97
32 68
51 32
61 48
19 77
98 19
76 55
91 14
42 1
9 93
12 60
5 65
76 30
95 10
87 75
87 64
31 61
54 81
40 10
91 99
97 9
93 14
40 55
9 30
59 38 28 79
26 46 25 34
20 17 90 26
52 30 96 75
41 36 60 94
62 32 23 37
56 30 43 16
16 32 49 59
59 23 90 96
74 53 38 24
44 12 71 66
9 36 75 77
53 79 30 50
15 64 63 89
39 74 37 10
78 13 62 81
66 23 11 16
19 43 34 8
78 36 8 13
46 35 20 78
71 71 79 30
56 70 46 8
40 62 22 71
29 75 18 84
4 43 6 31
50 72 8 19
31 24 53 28
51 58 36 66
8 50 87 87
28 43 100 91
34 61 50 45
37 57 20 74
11 8 89 26
54 5 62 38
60 55 53 36
60 2 89 26
70 34 90 32
7 45 22 43
35 37 14 91
70 19 60 1
34 4 70 96
18 10 19 66
16 60 26 48
74 13 96 51
8 2 32 29
65 64 22 100
79 78 48 70
24 71 95 73
60 32 70 14
11 7 7 47
59 29 96 67
4 6 43 45
7 68 95 83
77 70 95 25
64 41 75 18
75 27 49 61
59 50 89 1
68 75 69 59
23 25 80 68
24 2 3 20
29 58 9 58
12 69 85 95
14 63 82 68
34 8 92 15
6 61 84 21
21 15 5 56
69 53 76 86
67 46 59 8
49 67 21 38
48 68 8 55
40 15 93 54
20 63 18 26
23 65 83 48
10 20 86 92
39 22 56 12
18 32 65 18
2 59 88 10
63 36 82 79
50 55 92 13
67 26 47 81
77 77 84 94
8 23 35 13
54 12 89 70
26 19 4 47
53 7 20 90
48 16 66 60
77 19 6 87
53 29 24 21
32 13 86 39
52 17 54 16
44 78 77 7
65 80 32 49
