195 103
30 96
33 54
30 35
53 5
25 59
12 17
55 44
84 83
56 98
78 29
27 9
32 81
31 95
5 76
100 20
33 2
1 92
49 48
72 97
54 16
47 86
17 26
85 99
82 30
81 59
15 83
58 90
53 8
78 69
9 39
86 81
43 76
16 77
86 87
95 7
11 7
1 77
72 86
97 61
87 95
42 7
92 8
42 11
44 72
87 58
34 57
80 50
9 13
50 82
67 80
76 41
86 23
54 47
74 73
7 51
49 75
67 10
73 87
89 3
57 10
11 22
4 62
83 29
1 24
2 9
63 34
32 62
61 14
99 69
99 37
55 2
84 55
5 81
88 13
10 93
96 98
52 95
94 91
52 7
51 40
41 52
11 12
74 56
62 53
97 18
10 50
39 54
13 54
78 18
5 17
85 90
64 62
71 39
13 97
7 26
99 48
3 88
12 83
87 39
62 77
38 77
17 21
3 81
37 74
68 89
39 22
29 39
90 33
31 43
35 24
17 46
9 93
71 66
6 45
84 76
61 48
36 8
29 16
90 90
26 61
22 75
62 52
40 90
26 83
15 74
28 34
66 39
2 44
29 67
16 66
47 59
53 74
1 27
88 53
85 62
42 80
95 34
7 40
53 87
93 49
24 71
13 92
16 79
69 65
43 68
58 86
23 18
25 45
52 62
40 4
89 50
93 37
97 48
65 94
76 77
78 55
17 5
71 30
35 13
12 16
45 53
57 95
97 4
23 74
41 90
64 81
25 4
94 23
42 92
29 96
30 60
45 39
100 65
72 32
41 87
30 32
76 26
23 57
43 41
88 82
22 63
32 68
37 83
17 54
48 82
16 81
87 91
55 22
20 82
23 2
7 94
7 83
31 38
40 18
34 39
51 184 91 54
39 144 72 40
81 43 22 31
45 97 68 45
134 54 100 3
107 70 22 75
48 105 79 92
158 161 16 70
122 183 93 15
61 138 61 32
51 155 17 98
82 38 27 42
74 6 30 25
23 77 61 17
54 85 3 87
191 159 71 89
29 86 20 80
86 13 21 46
26 116 57 65
106 91 99 60
153 163 71 72
92 126 54 76
19 12 69 36
103 17 96 70
56 30 77 4
93 55 46 87
146 60 84 89
60 88 6 85
36 116 3 63
31 102 39 76
86 169 98 86
159 144 68 74
21 171 76 28
108 72 82 55
114 79 52 76
189 23 40 65
125 110 31 90
126 123 12 28
44 88 38 11
179 124 23 50
37 193 79 92
94 94 77 85
21 172 11 11
160 1 75 54
124 142 22 77
33 2 80 19
99 185 90 44
27 49 18 37
151 36 18 30
12 151 11 91
97 61 96 73
43 168 1 17
117 135 1 42
175 166 29 89
154 174 36 24
76 82 39 41
141 147 69 77
166 187 35 75
100 101 35 36
179 51 15 86
28 170 1 30
175 125 26 40
16 165 24 18
79 27 94 85
33 70 25 88
6 125 69 88
111 157 21 16
194 195 52 68
191 71 18 1
49 103 62 68
70 94 33 75
66 132 97 82
170 3 43 25
108 44 57 48
21 180 6 89
126 32 18 32
17 97 69 11
174 168 42 38
32 89 21 44
16 151 73 3
52 54 80 37
94 76 13 28
137 37 6 60
136 29 70 48
140 66 99 6
168 84 20 93
111 90 22 98
174 32 98 29
74 41 85 95
11 3 57 88
92 78 81 4
23 36 23 100
141 103 87 63
42 139 19 19
72 173 61 23
53 101 48 30
92 89 62 28
143 82 62 63
126 106 81 84
149 165 89 57
144 195 100 65
52 169 86 52
12 45 78 78
